0 0 1
0.01 0.01 1
0.02 0.02 0.9999
0.03 0.029999 0.9997
0.04 0.039996 0.9994
0.05 0.04999 0.999
0.06 0.05998 0.9985
0.07 0.069965 0.9979
0.08 0.079944 0.997201
0.09 0.089916 0.996401
0.1 0.09988 0.995502
0.11 0.109835 0.994503
0.12 0.11978 0.993405
0.13 0.129714 0.992207
0.14 0.139636 0.99091
0.15 0.149545 0.989514
0.16 0.15944 0.988018
0.17 0.169321 0.986424
0.18 0.179185 0.984731
0.19 0.189032 0.982939
0.2 0.198862 0.981048
0.21 0.208672 0.97906
0.22 0.218463 0.976973
0.23 0.228232 0.974788
0.24 0.23798 0.972506
0.25 0.247705 0.970126
0.26 0.257407 0.967649
0.27 0.267083 0.965075
0.28 0.276734 0.962404
0.29 0.286358 0.959637
0.3 0.295954 0.956773
0.31 0.305522 0.953814
0.32 0.31506 0.950759
0.33 0.324568 0.947608
0.34 0.334044 0.944362
0.35 0.343487 0.941022
0.36 0.352898 0.937587
0.37 0.362273 0.934058
0.38 0.371614 0.930435
0.39 0.380918 0.926719
0.4 0.390186 0.92291
0.41 0.399415 0.919008
0.42 0.408605 0.915014
0.43 0.417755 0.910928
0.44 0.426864 0.90675
0.45 0.435932 0.902482
0.46 0.444957 0.898123
0.47 0.453938 0.893673
0.48 0.462874 0.889134
0.49 0.471766 0.884505
0.5 0.480611 0.879787
0.51 0.489409 0.874981
0.52 0.498159 0.870087
0.53 0.506859 0.865105
0.54 0.51551 0.860037
0.55 0.524111 0.854882
0.56 0.53266 0.849641
0.57 0.541156 0.844314
0.58 0.549599 0.838902
0.59 0.557988 0.833406
0.6 0.566322 0.827827
0.61 0.574601 0.822163
0.62 0.582822 0.816417
0.63 0.590986 0.810589
0.64 0.599092 0.804679
0.65 0.607139 0.798688
0.66 0.615126 0.792617
0.67 0.623052 0.786466
0.68 0.630917 0.780235
0.69 0.638719 0.773926
0.7 0.646458 0.767539
0.71 0.654134 0.761074
0.72 0.661745 0.754533
0.73 0.66929 0.747915
0.74 0.676769 0.741223
0.75 0.684181 0.734455
0.76 0.691526 0.727613
0.77 0.698802 0.720698
0.78 0.706009 0.71371
0.79 0.713146 0.70665
0.8 0.720212 0.699518
0.81 0.727208 0.692316
0.82 0.734131 0.685044
0.83 0.740981 0.677703
0.84 0.747758 0.670293
0.85 0.754461 0.662815
0.86 0.761089 0.655271
0.87 0.767642 0.64766
0.88 0.774119 0.639983
0.89 0.780518 0.632242
0.9 0.786841 0.624437
0.91 0.793085 0.616569
0.92 0.799251 0.608638
0.93 0.805337 0.600645
0.94 0.811344 0.592592
0.95 0.81727 0.584478
0.96 0.823115 0.576306
0.97 0.828878 0.568075
0.98 0.834558 0.559786
0.99 0.840156 0.55144
1 0.845671 0.543039
1.01 0.851101 0.534582
1.02 0.856447 0.526071
1.03 0.861707 0.517506
1.04 0.866883 0.508889
1.05 0.871971 0.500221
1.06 0.876974 0.491501
1.07 0.881889 0.482731
1.08 0.886716 0.473912
1.09 0.891455 0.465045
1.1 0.896106 0.456131
1.11 0.900667 0.447169
1.12 0.905139 0.438163
1.13 0.90952 0.429111
1.14 0.913811 0.420016
1.15 0.918011 0.410878
1.16 0.92212 0.401698
1.17 0.926137 0.392477
1.18 0.930062 0.383215
1.19 0.933894 0.373915
1.2 0.937633 0.364576
1.21 0.941279 0.355199
1.22 0.944831 0.345787
1.23 0.948289 0.336338
1.24 0.951652 0.326856
1.25 0.954921 0.317339
1.26 0.958094 0.30779
1.27 0.961172 0.298209
1.28 0.964154 0.288597
1.29 0.96704 0.278956
1.3 0.96983 0.269285
1.31 0.972523 0.259587
1.32 0.975118 0.249862
1.33 0.977617 0.24011
1.34 0.980018 0.230334
1.35 0.982322 0.220534
1.36 0.984527 0.210711
1.37 0.986634 0.200866
1.38 0.988643 0.190999
1.39 0.990553 0.181113
1.4 0.992364 0.171207
1.41 0.994076 0.161284
1.42 0.995689 0.151343
1.43 0.997202 0.141386
1.44 0.998616 0.131414
1.45 0.99993 0.121428
1.46 1.00114 0.111429
1.47 1.00226 0.101417
1.48 1.00327 0.0913945
1.49 1.00419 0.0813618
1.5 1.005 0.0713199
1.51 1.00571 0.0612699
1.52 1.00633 0.0512128
1.53 1.00684 0.0411495
1.54 1.00725 0.0310812
1.55 1.00756 0.0210087
1.56 1.00777 0.0109331
1.57 1.00788 0.000855345
1.58 1.00789 -0.00922346
1.59 1.0078 -0.0193023
1.6 1.0076 -0.0293803
1.61 1.00731 -0.0394563
1.62 1.00692 -0.0495294
1.63 1.00642 -0.0595986
1.64 1.00582 -0.0696628
1.65 1.00513 -0.079721
1.66 1.00433 -0.0897723
1.67 1.00343 -0.0998156
1.68 1.00243 -0.10985
1.69 1.00134 -0.119874
1.7 1.00014 -0.129888
1.71 0.998838 -0.139889
1.72 0.997439 -0.149877
1.73 0.99594 -0.159852
1.74 0.994342 -0.169811
1.75 0.992644 -0.179755
1.76 0.990846 -0.189681
1.77 0.988949 -0.199589
1.78 0.986953 -0.209479
1.79 0.984859 -0.219348
1.8 0.982665 -0.229197
1.81 0.980373 -0.239024
1.82 0.977983 -0.248827
1.83 0.975495 -0.258607
1.84 0.972909 -0.268362
1.85 0.970225 -0.278091
1.86 0.967444 -0.287794
1.87 0.964566 -0.297468
1.88 0.961591 -0.307114
1.89 0.95852 -0.31673
1.9 0.955353 -0.326315
1.91 0.95209 -0.335868
1.92 0.948731 -0.345389
1.93 0.945277 -0.354877
1.94 0.941729 -0.364329
1.95 0.938085 -0.373747
1.96 0.934348 -0.383127
1.97 0.930516 -0.392471
1.98 0.926592 -0.401776
1.99 0.922574 -0.411042
2 0.918464 -0.420268
2.01 0.914261 -0.429452
2.02 0.909966 -0.438595
2.03 0.90558 -0.447695
2.04 0.901103 -0.45675
2.05 0.896536 -0.465761
2.06 0.891878 -0.474727
2.07 0.887131 -0.483646
2.08 0.882295 -0.492517
2.09 0.877369 -0.50134
2.1 0.872356 -0.510114
2.11 0.867255 -0.518837
2.12 0.862067 -0.52751
2.13 0.856791 -0.53613
2.14 0.85143 -0.544698
2.15 0.845983 -0.553213
2.16 0.840451 -0.561672
2.17 0.834834 -0.570077
2.18 0.829134 -0.578425
2.19 0.823349 -0.586717
2.2 0.817482 -0.59495
2.21 0.811533 -0.603125
2.22 0.805501 -0.61124
2.23 0.799389 -0.619295
2.24 0.793196 -0.627289
2.25 0.786923 -0.635221
2.26 0.780571 -0.64309
2.27 0.77414 -0.650896
2.28 0.767631 -0.658637
2.29 0.761045 -0.666314
2.3 0.754382 -0.673924
2.31 0.747642 -0.681468
2.32 0.740828 -0.688944
2.33 0.733938 -0.696353
2.34 0.726975 -0.703692
2.35 0.719938 -0.710962
2.36 0.712828 -0.718161
2.37 0.705647 -0.72529
2.38 0.698394 -0.732346
2.39 0.69107 -0.73933
2.4 0.683677 -0.746241
2.41 0.676214 -0.753077
2.42 0.668684 -0.75984
2.43 0.661085 -0.766526
2.44 0.65342 -0.773137
2.45 0.645689 -0.779671
2.46 0.637892 -0.786128
2.47 0.630031 -0.792507
2.48 0.622106 -0.798808
2.49 0.614117 -0.805029
2.5 0.606067 -0.81117
2.51 0.597956 -0.81723
2.52 0.589783 -0.82321
2.53 0.581551 -0.829108
2.54 0.57326 -0.834923
2.55 0.564911 -0.840656
2.56 0.556504 -0.846305
2.57 0.548041 -0.85187
2.58 0.539522 -0.85735
2.59 0.530949 -0.862746
2.6 0.522322 -0.868055
2.61 0.513641 -0.873278
2.62 0.504908 -0.878415
2.63 0.496124 -0.883464
2.64 0.487289 -0.888425
2.65 0.478405 -0.893298
2.66 0.469472 -0.898082
2.67 0.460491 -0.902777
2.68 0.451464 -0.907382
2.69 0.44239 -0.911896
2.7 0.433271 -0.91632
2.71 0.424108 -0.920653
2.72 0.414901 -0.924894
2.73 0.405652 -0.929043
2.74 0.396362 -0.9331
2.75 0.387031 -0.937063
2.76 0.37766 -0.940934
2.77 0.368251 -0.94471
2.78 0.358804 -0.948393
2.79 0.34932 -0.951981
2.8 0.3398 -0.955474
2.81 0.330245 -0.958872
2.82 0.320656 -0.962174
2.83 0.311035 -0.965381
2.84 0.301381 -0.968491
2.85 0.291696 -0.971505
2.86 0.281981 -0.974422
2.87 0.272237 -0.977242
2.88 0.262464 -0.979964
2.89 0.252665 -0.982589
2.9 0.242839 -0.985115
2.91 0.232988 -0.987544
2.92 0.223112 -0.989874
2.93 0.213213 -0.992105
2.94 0.203292 -0.994237
2.95 0.19335 -0.99627
2.96 0.183387 -0.998203
2.97 0.173405 -1.00004
2.98 0.163405 -1.00177
2.99 0.153387 -1.00341
3 0.143353 -1.00494
3.01 0.133304 -1.00637
3.02 0.12324 -1.00771
3.03 0.113163 -1.00894
3.04 0.103074 -1.01007
3.05 0.0929729 -1.0111
3.06 0.0828619 -1.01203
3.07 0.0727416 -1.01286
3.08 0.062613 -1.01359
3.09 0.0524771 -1.01421
3.1 0.042335 -1.01474
3.11 0.0321876 -1.01516
3.12 0.022036 -1.01548
3.13 0.0118812 -1.0157
3.14 0.00172417 -1.01582
3.15 -0.00843405 -1.01584
3.16 -0.0185924 -1.01575
3.17 -0.02875 -1.01557
3.18 -0.0389057 -1.01528
3.19 -0.0490585 -1.01489
3.2 -0.0592074 -1.0144
3.21 -0.0693514 -1.01381
3.22 -0.0794895 -1.01312
3.23 -0.0896207 -1.01232
3.24 -0.0997439 -1.01142
3.25 -0.109858 -1.01043
3.26 -0.119962 -1.00933
3.27 -0.130056 -1.00813
3.28 -0.140137 -1.00683
3.29 -0.150205 -1.00543
3.3 -0.16026 -1.00393
3.31 -0.170299 -1.00232
3.32 -0.180322 -1.00062
3.33 -0.190328 -0.998816
3.34 -0.200316 -0.996913
3.35 -0.210286 -0.99491
3.36 -0.220235 -0.992807
3.37 -0.230163 -0.990605
3.38 -0.240069 -0.988303
3.39 -0.249952 -0.985902
3.4 -0.259811 -0.983403
3.41 -0.269645 -0.980805
3.42 -0.279453 -0.978108
3.43 -0.289234 -0.975314
3.44 -0.298987 -0.972421
3.45 -0.308711 -0.969432
3.46 -0.318406 -0.966344
3.47 -0.328069 -0.96316
3.48 -0.337701 -0.95988
3.49 -0.347299 -0.956503
3.5 -0.356864 -0.95303
3.51 -0.366395 -0.949461
3.52 -0.375889 -0.945797
3.53 -0.385347 -0.942038
3.54 -0.394768 -0.938185
3.55 -0.40415 -0.934237
3.56 -0.413492 -0.930196
3.57 -0.422794 -0.926061
3.58 -0.432055 -0.921833
3.59 -0.441273 -0.917512
3.6 -0.450448 -0.913099
3.61 -0.459579 -0.908595
3.62 -0.468665 -0.903999
3.63 -0.477705 -0.899313
3.64 -0.486698 -0.894535
3.65 -0.495643 -0.889669
3.66 -0.50454 -0.884712
3.67 -0.513387 -0.879667
3.68 -0.522184 -0.874533
3.69 -0.530929 -0.869311
3.7 -0.539622 -0.864002
3.71 -0.548262 -0.858605
3.72 -0.556848 -0.853123
3.73 -0.56538 -0.847554
3.74 -0.573855 -0.841901
3.75 -0.582274 -0.836162
3.76 -0.590636 -0.830339
3.77 -0.598939 -0.824433
3.78 -0.607183 -0.818444
3.79 -0.615368 -0.812372
3.8 -0.623492 -0.806218
3.81 -0.631554 -0.799983
3.82 -0.639554 -0.793668
3.83 -0.64749 -0.787272
3.84 -0.655363 -0.780797
3.85 -0.663171 -0.774243
3.86 -0.670913 -0.767612
3.87 -0.67859 -0.760903
3.88 -0.686199 -0.754117
3.89 -0.69374 -0.747255
3.9 -0.701212 -0.740317
3.91 -0.708615 -0.733305
3.92 -0.715949 -0.726219
3.93 -0.723211 -0.71906
3.94 -0.730401 -0.711827
3.95 -0.73752 -0.704523
3.96 -0.744565 -0.697148
3.97 -0.751536 -0.689703
3.98 -0.758433 -0.682187
3.99 -0.765255 -0.674603
4 -0.772001 -0.66695
4.01 -0.778671 -0.65923
4.02 -0.785263 -0.651444
4.03 -0.791777 -0.643591
4.04 -0.798213 -0.635673
4.05 -0.80457 -0.627691
4.06 -0.810847 -0.619645
4.07 -0.817043 -0.611537
4.08 -0.823159 -0.603366
4.09 -0.829193 -0.595135
4.1 -0.835144 -0.586843
4.11 -0.841012 -0.578492
4.12 -0.846797 -0.570081
4.13 -0.852498 -0.561613
4.14 -0.858114 -0.553088
4.15 -0.863645 -0.544507
4.16 -0.86909 -0.535871
4.17 -0.874449 -0.52718
4.18 -0.879721 -0.518435
4.19 -0.884905 -0.509638
4.2 -0.890001 -0.500789
4.21 -0.895009 -0.491889
4.22 -0.899928 -0.482939
4.23 -0.904758 -0.47394
4.24 -0.909497 -0.464892
4.25 -0.914146 -0.455797
4.26 -0.918704 -0.446656
4.27 -0.92317 -0.437469
4.28 -0.927545 -0.428237
4.29 -0.931827 -0.418962
4.3 -0.936017 -0.409643
4.31 -0.940114 -0.400283
4.32 -0.944116 -0.390882
4.33 -0.948025 -0.381441
4.34 -0.95184 -0.371961
4.35 -0.955559 -0.362442
4.36 -0.959184 -0.352887
4.37 -0.962712 -0.343295
4.38 -0.966145 -0.333668
4.39 -0.969482 -0.324006
4.4 -0.972722 -0.314311
4.41 -0.975865 -0.304584
4.42 -0.978911 -0.294826
4.43 -0.981859 -0.285036
4.44 -0.98471 -0.275218
4.45 -0.987462 -0.265371
4.46 -0.990116 -0.255496
4.47 -0.992671 -0.245595
4.48 -0.995127 -0.235668
4.49 -0.997483 -0.225717
4.5 -0.99974 -0.215742
4.51 -1.0019 -0.205745
4.52 -1.00396 -0.195726
4.53 -1.00591 -0.185686
4.54 -1.00777 -0.175627
4.55 -1.00953 -0.165549
4.56 -1.01118 -0.155454
4.57 -1.01274 -0.145342
4.58 -1.01419 -0.135215
4.59 -1.01554 -0.125073
4.6 -1.01679 -0.114918
4.61 -1.01794 -0.10475
4.62 -1.01899 -0.0945704
4.63 -1.01993 -0.0843805
4.64 -1.02078 -0.0741811
4.65 -1.02152 -0.0639734
4.66 -1.02216 -0.0537582
4.67 -1.0227 -0.0435366
4.68 -1.02313 -0.0333096
4.69 -1.02347 -0.0230783
4.7 -1.0237 -0.0128436
4.71 -1.02382 -0.00260663
4.72 -1.02385 0.00763162
4.73 -1.02377 0.0178701
4.74 -1.0236 0.0281079
4.75 -1.02331 0.0383438
4.76 -1.02293 0.048577
4.77 -1.02245 0.0588063
4.78 -1.02186 0.0690308
4.79 -1.02117 0.0792493
4.8 -1.02037 0.089461
4.81 -1.01948 0.0996648
4.82 -1.01848 0.10986
4.83 -1.01739 0.120044
4.84 -1.01618 0.130218
4.85 -1.01488 0.14038
4.86 -1.01348 0.150529
4.87 -1.01197 0.160664
4.88 -1.01037 0.170783
4.89 -1.00866 0.180887
4.9 -1.00685 0.190974
4.91 -1.00494 0.201042
4.92 -1.00293 0.211092
4.93 -1.00082 0.221121
4.94 -0.998608 0.231129
4.95 -0.996296 0.241115
4.96 -0.993885 0.251078
4.97 -0.991374 0.261017
4.98 -0.988764 0.270931
4.99 -0.986055 0.280818
5 -0.983247 0.290679
5.01 -0.98034 0.300511
5.02 -0.977335 0.310315
5.03 -0.974232 0.320088
5.04 -0.971031 0.32983
5.05 -0.967733 0.339541
5.06 -0.964337 0.349218
5.07 -0.960845 0.358861
5.08 -0.957256 0.36847
5.09 -0.953572 0.378042
5.1 -0.949791 0.387578
5.11 -0.945915 0.397076
5.12 -0.941945 0.406535
5.13 -0.937879 0.415955
5.14 -0.93372 0.425333
5.15 -0.929466 0.434671
5.16 -0.92512 0.443965
5.17 -0.92068 0.453217
5.18 -0.916148 0.462423
5.19 -0.911524 0.471585
5.2 -0.906808 0.4807
5.21 -0.902001 0.489768
5.22 -0.897103 0.498788
5.23 -0.892115 0.507759
5.24 -0.887038 0.51668
5.25 -0.881871 0.525551
5.26 -0.876615 0.534369
5.27 -0.871272 0.543136
5.28 -0.86584 0.551848
5.29 -0.860322 0.560507
5.3 -0.854717 0.56911
5.31 -0.849026 0.577657
5.32 -0.843249 0.586147
5.33 -0.837388 0.59458
5.34 -0.831442 0.602954
5.35 -0.825412 0.611268
5.36 -0.8193 0.619522
5.37 -0.813104 0.627715
5.38 -0.806827 0.635846
5.39 -0.800469 0.643915
5.4 -0.79403 0.651919
5.41 -0.78751 0.65986
5.42 -0.780912 0.667735
5.43 -0.774234 0.675544
5.44 -0.767479 0.683286
5.45 -0.760646 0.690961
5.46 -0.753737 0.698567
5.47 -0.746751 0.706105
5.48 -0.73969 0.713572
5.49 -0.732554 0.720969
5.5 -0.725344 0.728295
5.51 -0.718062 0.735548
5.52 -0.710706 0.742729
5.53 -0.703279 0.749836
5.54 -0.69578 0.756869
5.55 -0.688212 0.763826
5.56 -0.680573 0.770708
5.57 -0.672866 0.777514
5.58 -0.665091 0.784243
5.59 -0.657249 0.790894
5.6 -0.64934 0.797466
5.61 -0.641365 0.80396
5.62 -0.633326 0.810373
5.63 -0.625222 0.816707
5.64 -0.617055 0.822959
5.65 -0.608825 0.829129
5.66 -0.600534 0.835218
5.67 -0.592182 0.841223
5.68 -0.583769 0.847145
5.69 -0.575298 0.852982
5.7 -0.566768 0.858735
5.71 -0.558181 0.864403
5.72 -0.549537 0.869985
5.73 -0.540837 0.87548
5.74 -0.532082 0.880889
5.75 -0.523273 0.88621
5.76 -0.514411 0.891442
5.77 -0.505497 0.896586
5.78 -0.496531 0.901641
5.79 -0.487515 0.906607
5.8 -0.478448 0.911482
5.81 -0.469334 0.916266
5.82 -0.460171 0.92096
5.83 -0.450961 0.925561
5.84 -0.441706 0.930071
5.85 -0.432405 0.934488
5.86 -0.42306 0.938812
5.87 -0.413672 0.943043
5.88 -0.404242 0.947179
5.89 -0.39477 0.951222
5.9 -0.385258 0.955169
5.91 -0.375706 0.959022
5.92 -0.366116 0.962779
5.93 -0.356488 0.96644
5.94 -0.346823 0.970005
5.95 -0.337123 0.973473
5.96 -0.327389 0.976845
5.97 -0.31762 0.980118
5.98 -0.307819 0.983295
5.99 -0.297986 0.986373
6 -0.288122 0.989353
6.01 -0.278229 0.992234
6.02 -0.268307 0.995016
6.03 -0.258356 0.997699
6.04 -0.248379 1.00028
6.05 -0.238377 1.00277
6.06 -0.228349 1.00515
6.07 -0.218297 1.00743
6.08 -0.208223 1.00962
6.09 -0.198127 1.0117
6.1 -0.18801 1.01368
6.11 -0.177873 1.01556
6.12 -0.167717 1.01734
6.13 -0.157544 1.01902
6.14 -0.147354 1.02059
6.15 -0.137148 1.02207
6.16 -0.126927 1.02344
6.17 -0.116693 1.02471
6.18 -0.106446 1.02587
6.19 -0.0961872 1.02694
6.2 -0.0859178 1.0279
6.21 -0.0756388 1.02876
6.22 -0.0653512 1.02951
6.23 -0.0550561 1.03017
6.24 -0.0447544 1.03072
6.25 -0.0344472 1.03117
6.26 -0.0241355 1.03151
6.27 -0.0138204 1.03175
6.28 -0.0035029 1.03189
6.29 0.00681601 1.03193
6.3 0.0171353 1.03186
6.31 0.0274538 1.03169
6.32 0.0377707 1.03141
6.33 0.0480848 1.03103
6.34 0.0583952 1.03055
6.35 0.0687007 1.02997
6.36 0.0790004 1.02928
6.37 0.0892932 1.02849
6.38 0.0995781 1.0276
6.39 0.109854 1.0266
6.4 0.12012 1.0255
6.41 0.130375 1.0243
6.42 0.140618 1.023
6.43 0.150848 1.02159
6.44 0.161064 1.02009
6.45 0.171265 1.01847
6.46 0.18145 1.01676
6.47 0.191617 1.01495
6.48 0.201767 1.01303
6.49 0.211897 1.01101
6.5 0.222007 1.00889
6.51 0.232096 1.00667
6.52 0.242163 1.00435
6.53 0.252207 1.00193
6.54 0.262226 0.99941
6.55 0.27222 0.996788
6.56 0.282188 0.994065
6.57 0.292128 0.991244
6.58 0.302041 0.988322
6.59 0.311924 0.985302
6.6 0.321777 0.982183
6.61 0.331599 0.978965
6.62 0.341389 0.975649
6.63 0.351145 0.972235
6.64 0.360867 0.968723
6.65 0.370555 0.965115
6.66 0.380206 0.961409
6.67 0.38982 0.957607
6.68 0.399396 0.953709
6.69 0.408933 0.949715
6.7 0.41843 0.945626
6.71 0.427887 0.941441
6.72 0.437301 0.937163
6.73 0.446673 0.93279
6.74 0.456 0.928323
6.75 0.465284 0.923763
6.76 0.474521 0.91911
6.77 0.483712 0.914365
6.78 0.492856 0.909528
6.79 0.501951 0.904599
6.8 0.510997 0.89958
6.81 0.519993 0.89447
6.82 0.528938 0.88927
6.83 0.537831 0.88398
6.84 0.54667 0.878602
6.85 0.555456 0.873135
6.86 0.564188 0.867581
6.87 0.572863 0.861939
6.88 0.581483 0.85621
6.89 0.590045 0.850395
6.9 0.598549 0.844495
6.91 0.606994 0.838509
6.92 0.615379 0.83244
6.93 0.623703 0.826286
6.94 0.631966 0.820049
6.95 0.640167 0.813729
6.96 0.648304 0.807327
6.97 0.656377 0.800844
6.98 0.664386 0.794281
6.99 0.672329 0.787637
7 0.680205 0.780913
7.01 0.688014 0.774111
7.02 0.695755 0.767231
7.03 0.703427 0.760274
7.04 0.71103 0.753239
7.05 0.718563 0.746129
7.06 0.726024 0.738943
7.07 0.733413 0.731683
7.08 0.74073 0.724349
7.09 0.747974 0.716942
7.1 0.755143 0.709462
7.11 0.762238 0.701911
7.12 0.769257 0.694288
7.13 0.7762 0.686596
7.14 0.783066 0.678834
7.15 0.789854 0.671003
7.16 0.796564 0.663104
7.17 0.803195 0.655139
7.18 0.809746 0.647107
7.19 0.816217 0.639009
7.2 0.822608 0.630847
7.21 0.828916 0.622621
7.22 0.835142 0.614332
7.23 0.841286 0.605981
7.24 0.847345 0.597568
7.25 0.853321 0.589094
7.26 0.859212 0.580561
7.27 0.865018 0.571969
7.28 0.870737 0.563319
7.29 0.87637 0.554611
7.3 0.881917 0.545848
7.31 0.887375 0.537029
7.32 0.892745 0.528155
7.33 0.898027 0.519227
7.34 0.903219 0.510247
7.35 0.908322 0.501215
7.36 0.913334 0.492132
7.37 0.918255 0.482998
7.38 0.923085 0.473816
7.39 0.927823 0.464585
7.4 0.932469 0.455307
7.41 0.937022 0.445982
7.42 0.941482 0.436612
7.43 0.945848 0.427197
7.44 0.95012 0.417738
7.45 0.954297 0.408237
7.46 0.95838 0.398694
7.47 0.962367 0.38911
7.48 0.966258 0.379487
7.49 0.970053 0.369824
7.5 0.973751 0.360124
7.51 0.977352 0.350386
7.52 0.980856 0.340613
7.53 0.984262 0.330804
7.54 0.98757 0.320961
7.55 0.99078 0.311086
7.56 0.993891 0.301178
7.57 0.996903 0.291239
7.58 0.999815 0.28127
7.59 1.00263 0.271272
7.6 1.00534 0.261246
7.61 1.00795 0.251192
7.62 1.01046 0.241113
7.63 1.01288 0.231008
7.64 1.01519 0.220879
7.65 1.01739 0.210727
7.66 1.0195 0.200553
7.67 1.02151 0.190358
7.68 1.02341 0.180143
7.69 1.02521 0.169909
7.7 1.02691 0.159657
7.71 1.02851 0.149388
7.72 1.03 0.139103
7.73 1.03139 0.128803
7.74 1.03268 0.118489
7.75 1.03387 0.108162
7.76 1.03495 0.0978235
7.77 1.03593 0.0874741
7.78 1.0368 0.0771148
7.79 1.03757 0.0667468
7.8 1.03824 0.0563711
7.81 1.0388 0.0459887
7.82 1.03926 0.0356007
7.83 1.03962 0.025208
7.84 1.03987 0.0148118
7.85 1.04002 0.00441312
7.86 1.04006 -0.00598707
7.87 1.04 -0.0163877
7.88 1.03984 -0.0267877
7.89 1.03957 -0.0371861
7.9 1.0392 -0.0475818
7.91 1.03872 -0.0579738
7.92 1.03814 -0.0683611
7.93 1.03746 -0.0787425
7.94 1.03667 -0.0891171
7.95 1.03578 -0.0994839
7.96 1.03479 -0.109842
7.97 1.03369 -0.12019
7.98 1.03249 -0.130526
7.99 1.03118 -0.140851
8 1.02977 -0.151163
8.01 1.02826 -0.161461
8.02 1.02665 -0.171743
8.03 1.02493 -0.18201
8.04 1.02311 -0.192259
8.05 1.02119 -0.20249
8.06 1.01916 -0.212702
8.07 1.01703 -0.222894
8.08 1.01481 -0.233064
8.09 1.01248 -0.243212
8.1 1.01004 -0.253337
8.11 1.00751 -0.263437
8.12 1.00488 -0.273512
8.13 1.00214 -0.283561
8.14 0.999305 -0.293583
8.15 0.996369 -0.303576
8.16 0.993333 -0.313539
8.17 0.990198 -0.323473
8.18 0.986963 -0.333375
8.19 0.983629 -0.343244
8.2 0.980197 -0.353081
8.21 0.976666 -0.362883
8.22 0.973037 -0.372649
8.23 0.969311 -0.38238
8.24 0.965487 -0.392073
8.25 0.961566 -0.401728
8.26 0.957549 -0.411343
8.27 0.953435 -0.420919
8.28 0.949226 -0.430453
8.29 0.944922 -0.439945
8.3 0.940522 -0.449395
8.31 0.936028 -0.4588
8.32 0.93144 -0.46816
8.33 0.926759 -0.477474
8.34 0.921984 -0.486742
8.35 0.917116 -0.495962
8.36 0.912157 -0.505133
8.37 0.907105 -0.514255
8.38 0.901963 -0.523326
8.39 0.89673 -0.532345
8.4 0.891406 -0.541313
8.41 0.885993 -0.550227
8.42 0.880491 -0.559087
8.43 0.8749 -0.567891
8.44 0.869221 -0.57664
8.45 0.863455 -0.585333
8.46 0.857601 -0.593967
8.47 0.851662 -0.602543
8.48 0.845636 -0.61106
8.49 0.839526 -0.619516
8.5 0.83333 -0.627911
8.51 0.827051 -0.636245
8.52 0.820689 -0.644515
8.53 0.814244 -0.652722
8.54 0.807716 -0.660865
8.55 0.801108 -0.668942
8.56 0.794418 -0.676953
8.57 0.787649 -0.684897
8.58 0.7808 -0.692774
8.59 0.773872 -0.700582
8.6 0.766866 -0.70832
8.61 0.759783 -0.715989
8.62 0.752623 -0.723587
8.63 0.745387 -0.731113
8.64 0.738076 -0.738567
8.65 0.730691 -0.745948
8.66 0.723231 -0.753255
8.67 0.715699 -0.760487
8.68 0.708094 -0.767644
8.69 0.700417 -0.774725
8.7 0.69267 -0.781729
8.71 0.684853 -0.788656
8.72 0.676966 -0.795504
8.73 0.669011 -0.802274
8.74 0.660988 -0.808964
8.75 0.652899 -0.815574
8.76 0.644743 -0.822103
8.77 0.636522 -0.82855
8.78 0.628237 -0.834915
8.79 0.619887 -0.841198
8.8 0.611475 -0.847397
8.81 0.603001 -0.853511
8.82 0.594466 -0.859541
8.83 0.585871 -0.865486
8.84 0.577216 -0.871345
8.85 0.568503 -0.877117
8.86 0.559731 -0.882802
8.87 0.550903 -0.888399
8.88 0.542019 -0.893908
8.89 0.53308 -0.899329
8.9 0.524087 -0.904659
8.91 0.51504 -0.9099
8.92 0.505941 -0.915051
8.93 0.496791 -0.92011
8.94 0.48759 -0.925078
8.95 0.478339 -0.929954
8.96 0.46904 -0.934737
8.97 0.459692 -0.939428
8.98 0.450298 -0.944025
8.99 0.440858 -0.948528
9 0.431372 -0.952936
9.01 0.421843 -0.95725
9.02 0.41227 -0.961468
9.03 0.402656 -0.965591
9.04 0.393 -0.969618
9.05 0.383304 -0.973548
9.06 0.373568 -0.977381
9.07 0.363794 -0.981116
9.08 0.353983 -0.984754
9.09 0.344136 -0.988294
9.1 0.334253 -0.991735
9.11 0.324335 -0.995078
9.12 0.314385 -0.998321
9.13 0.304401 -1.00147
9.14 0.294387 -1.00451
9.15 0.284342 -1.00745
9.16 0.274267 -1.0103
9.17 0.264164 -1.01304
9.18 0.254034 -1.01568
9.19 0.243877 -1.01822
9.2 0.233695 -1.02066
9.21 0.223488 -1.023
9.22 0.213258 -1.02523
9.23 0.203006 -1.02736
9.24 0.192732 -1.02939
9.25 0.182438 -1.03132
9.26 0.172125 -1.03315
9.27 0.161794 -1.03487
9.28 0.151445 -1.03649
9.29 0.14108 -1.038
9.3 0.1307 -1.03941
9.31 0.120306 -1.04072
9.32 0.109899 -1.04192
9.33 0.0994796 -1.04302
9.34 0.0890494 -1.04401
9.35 0.0786093 -1.0449
9.36 0.0681602 -1.04569
9.37 0.0577033 -1.04637
9.38 0.0472396 -1.04695
9.39 0.0367701 -1.04742
9.4 0.0262959 -1.04779
9.41 0.015818 -1.04805
9.42 0.00533747 -1.04821
9.43 -0.00514463 -1.04826
9.44 -0.0156273 -1.04821
9.45 -0.0261094 -1.04806
9.46 -0.03659 -1.0478
9.47 -0.0470679 -1.04743
9.48 -0.0575422 -1.04696
9.49 -0.0680118 -1.04638
9.5 -0.0784756 -1.0457
9.51 -0.0889327 -1.04492
9.52 -0.0993819 -1.04403
9.53 -0.109822 -1.04304
9.54 -0.120252 -1.04194
9.55 -0.130672 -1.04073
9.56 -0.141079 -1.03943
9.57 -0.151473 -1.03802
9.58 -0.161854 -1.0365
9.59 -0.172219 -1.03488
9.6 -0.182568 -1.03316
9.61 -0.192899 -1.03134
9.62 -0.203212 -1.02941
9.63 -0.213507 -1.02737
9.64 -0.22378 -1.02524
9.65 -0.234033 -1.023
9.66 -0.244263 -1.02066
9.67 -0.254469 -1.01822
9.68 -0.264652 -1.01567
9.69 -0.274808 -1.01303
9.7 -0.284939 -1.01028
9.71 -0.295041 -1.00743
9.72 -0.305116 -1.00448
9.73 -0.31516 -1.00143
9.74 -0.325175 -0.998277
9.75 -0.335158 -0.995025
9.76 -0.345108 -0.991674
9.77 -0.355025 -0.988223
9.78 -0.364907 -0.984672
9.79 -0.374753 -0.981023
9.8 -0.384564 -0.977276
9.81 -0.394336 -0.97343
9.82 -0.404071 -0.969487
9.83 -0.413766 -0.965446
9.84 -0.42342 -0.961309
9.85 -0.433033 -0.957074
9.86 -0.442604 -0.952744
9.87 -0.452131 -0.948318
9.88 -0.461615 -0.943797
9.89 -0.471052 -0.93918
9.9 -0.480444 -0.93447
9.91 -0.489789 -0.929666
9.92 -0.499086 -0.924768
9.93 -0.508333 -0.919777
9.94 -0.517531 -0.914693
9.95 -0.526678 -0.909518
9.96 -0.535773 -0.904251
9.97 -0.544816 -0.898894
9.98 -0.553805 -0.893445
9.99 -0.562739 -0.887907
10 -0.571618 -0.88228
10.01 -0.580441 -0.876564
10.02 -0.589207 -0.870759
10.03 -0.597914 -0.864867
10.04 -0.606563 -0.858888
10.05 -0.615152 -0.852823
10.06 -0.62368 -0.846671
10.07 -0.632147 -0.840434
10.08 -0.640551 -0.834113
10.09 -0.648892 -0.827707
10.1 -0.657169 -0.821218
10.11 -0.665381 -0.814647
10.12 -0.673528 -0.807993
10.13 -0.681608 -0.801258
10.14 -0.68962 -0.794442
10.15 -0.697565 -0.787545
10.16 -0.70544 -0.78057
10.17 -0.713246 -0.773515
10.18 -0.720981 -0.766383
10.19 -0.728645 -0.759173
10.2 -0.736237 -0.751887
10.21 -0.743756 -0.744524
10.22 -0.751201 -0.737087
10.23 -0.758572 -0.729575
10.24 -0.765867 -0.721989
10.25 -0.773087 -0.71433
10.26 -0.780231 -0.706599
10.27 -0.787297 -0.698797
10.28 -0.794285 -0.690924
10.29 -0.801194 -0.682981
10.3 -0.808024 -0.674969
10.31 -0.814773 -0.666889
10.32 -0.821442 -0.658741
10.33 -0.82803 -0.650527
10.34 -0.834535 -0.642247
10.35 -0.840957 -0.633901
10.36 -0.847296 -0.625492
10.37 -0.853551 -0.617019
10.38 -0.859721 -0.608483
10.39 -0.865806 -0.599886
10.4 -0.871805 -0.591228
10.41 -0.877717 -0.58251
10.42 -0.883543 -0.573733
10.43 -0.88928 -0.564897
10.44 -0.894929 -0.556004
10.45 -0.900489 -0.547055
10.46 -0.905959 -0.53805
10.47 -0.91134 -0.528991
10.48 -0.91663 -0.519877
10.49 -0.921829 -0.510711
10.5 -0.926936 -0.501493
10.51 -0.931951 -0.492223
10.52 -0.936873 -0.482904
10.53 -0.941702 -0.473535
10.54 -0.946437 -0.464118
10.55 -0.951078 -0.454654
10.56 -0.955625 -0.445143
10.57 -0.960076 -0.435587
10.58 -0.964432 -0.425986
10.59 -0.968692 -0.416342
10.6 -0.972856 -0.406655
10.61 -0.976922 -0.396926
10.62 -0.980891 -0.387157
10.63 -0.984763 -0.377348
10.64 -0.988536 -0.3675
10.65 -0.992211 -0.357615
10.66 -0.995788 -0.347693
10.67 -0.999265 -0.337735
10.68 -1.00264 -0.327742
10.69 -1.00592 -0.317716
10.7 -1.0091 -0.307657
10.71 -1.01217 -0.297566
10.72 -1.01515 -0.287444
10.73 -1.01802 -0.277293
10.74 -1.0208 -0.267112
10.75 -1.02347 -0.256904
10.76 -1.02604 -0.24667
10.77 -1.0285 -0.236409
10.78 -1.03087 -0.226124
10.79 -1.03313 -0.215816
10.8 -1.03529 -0.205484
10.81 -1.03734 -0.195132
10.82 -1.03929 -0.184758
10.83 -1.04114 -0.174365
10.84 -1.04288 -0.163954
10.85 -1.04452 -0.153525
10.86 -1.04606 -0.14308
10.87 -1.04749 -0.132619
10.88 -1.04882 -0.122144
10.89 -1.05004 -0.111656
10.9 -1.05115 -0.101156
10.91 -1.05217 -0.0906441
10.92 -1.05307 -0.0801225
10.93 -1.05387 -0.0695918
10.94 -1.05457 -0.0590531
10.95 -1.05516 -0.0485074
10.96 -1.05564 -0.0379558
10.97 -1.05602 -0.0273993
10.98 -1.0563 -0.0168391
10.99 -1.05647 -0.00627612
11 -1.05653 0.00428855
11.01 -1.05649 0.0148538
11.02 -1.05634 0.0254187
11.03 -1.05608 0.0359821
11.04 -1.05572 0.0465429
11.05 -1.05526 0.0571001
11.06 -1.05469 0.0676527
11.07 -1.05401 0.0781996
11.08 -1.05323 0.0887397
11.09 -1.05234 0.099272
11.1 -1.05135 0.109795
11.11 -1.05025 0.120309
11.12 -1.04905 0.130811
11.13 -1.04774 0.141302
11.14 -1.04633 0.151779
11.15 -1.04481 0.162243
11.16 -1.04319 0.172691
11.17 -1.04146 0.183122
11.18 -1.03963 0.193537
11.19 -1.03769 0.203933
11.2 -1.03565 0.21431
11.21 -1.03351 0.224667
11.22 -1.03126 0.235002
11.23 -1.02891 0.245315
11.24 -1.02646 0.255604
11.25 -1.0239 0.265868
11.26 -1.02125 0.276107
11.27 -1.01848 0.28632
11.28 -1.01562 0.296505
11.29 -1.01266 0.306661
11.3 -1.00959 0.316787
11.31 -1.00642 0.326883
11.32 -1.00315 0.336948
11.33 -0.999784 0.346979
11.34 -0.996314 0.356977
11.35 -0.992744 0.36694
11.36 -0.989075 0.376867
11.37 -0.985306 0.386758
11.38 -0.981438 0.396611
11.39 -0.977472 0.406426
11.4 -0.973408 0.4162
11.41 -0.969246 0.425934
11.42 -0.964987 0.435627
11.43 -0.96063 0.445277
11.44 -0.956178 0.454883
11.45 -0.951629 0.464445
11.46 -0.946984 0.473961
11.47 -0.942245 0.483431
11.48 -0.93741 0.492853
11.49 -0.932482 0.502228
11.5 -0.92746 0.511552
11.51 -0.922344 0.520827
11.52 -0.917136 0.53005
11.53 -0.911835 0.539222
11.54 -0.906443 0.54834
11.55 -0.90096 0.557405
11.56 -0.895386 0.566414
11.57 -0.889721 0.575368
11.58 -0.883968 0.584265
11.59 -0.878125 0.593105
11.6 -0.872194 0.601886
11.61 -0.866175 0.610608
11.62 -0.860069 0.61927
11.63 -0.853876 0.62787
11.64 -0.847598 0.636409
11.65 -0.841234 0.644885
11.66 -0.834785 0.653298
11.67 -0.828252 0.661645
11.68 -0.821635 0.669928
11.69 -0.814936 0.678144
11.7 -0.808155 0.686294
11.71 -0.801292 0.694375
11.72 -0.794348 0.702388
11.73 -0.787324 0.710332
11.74 -0.780221 0.718205
11.75 -0.773039 0.726007
11.76 -0.765779 0.733737
11.77 -0.758441 0.741395
11.78 -0.751027 0.74898
11.79 -0.743537 0.75649
11.8 -0.735973 0.763925
11.81 -0.728333 0.771285
11.82 -0.72062 0.778568
11.83 -0.712835 0.785775
11.84 -0.704977 0.792903
11.85 -0.697048 0.799953
11.86 -0.689048 0.806923
11.87 -0.680979 0.813814
11.88 -0.672841 0.820623
11.89 -0.664635 0.827352
11.9 -0.656361 0.833998
11.91 -0.648021 0.840562
11.92 -0.639616 0.847042
11.93 -0.631145 0.853438
11.94 -0.622611 0.85975
11.95 -0.614013 0.865976
11.96 -0.605354 0.872116
11.97 -0.596633 0.878169
11.98 -0.587851 0.884136
11.99 -0.57901 0.890014
12 -0.570109 0.895804
12.01 -0.561151 0.901505
12.02 -0.552136 0.907117
12.03 -0.543065 0.912638
12.04 -0.533939 0.918069
12.05 -0.524758 0.923408
12.06 -0.515524 0.928656
12.07 -0.506237 0.933811
12.08 -0.496899 0.938874
12.09 -0.487511 0.943843
12.1 -0.478072 0.948718
12.11 -0.468585 0.953498
12.12 -0.45905 0.958184
12.13 -0.449468 0.962775
12.14 -0.43984 0.967269
12.15 -0.430168 0.971668
12.16 -0.420451 0.975969
12.17 -0.410691 0.980174
12.18 -0.40089 0.984281
12.19 -0.391047 0.98829
12.2 -0.381164 0.9922
12.21 -0.371242 0.996012
12.22 -0.361282 0.999724
12.23 -0.351284 1.00334
12.24 -0.341251 1.00685
12.25 -0.331183 1.01026
12.26 -0.32108 1.01357
12.27 -0.310944 1.01679
12.28 -0.300776 1.01989
12.29 -0.290577 1.0229
12.3 -0.280348 1.02581
12.31 -0.27009 1.02861
12.32 -0.259804 1.03131
12.33 -0.249491 1.03391
12.34 -0.239152 1.03641
12.35 -0.228788 1.0388
12.36 -0.2184 1.04108
12.37 -0.207989 1.04327
12.38 -0.197556 1.04535
12.39 -0.187103 1.04732
12.4 -0.17663 1.0492
12.41 -0.166138 1.05096
12.42 -0.155628 1.05262
12.43 -0.145102 1.05418
12.44 -0.13456 1.05563
12.45 -0.124004 1.05698
12.46 -0.113434 1.05822
12.47 -0.102852 1.05935
12.48 -0.0922584 1.06038
12.49 -0.0816546 1.0613
12.5 -0.0710416 1.06212
12.51 -0.0604204 1.06283
12.52 -0.0497921 1.06343
12.53 -0.0391578 1.06393
12.54 -0.0285185 1.06432
12.55 -0.0178753 1.06461
12.56 -0.00722922 1.06479
12.57 0.00341864 1.06486
12.58 0.0140672 1.06482
12.59 0.0247155 1.06468
12.6 0.0353623 1.06444
12.61 0.0460067 1.06408
12.62 0.0566475 1.06362
12.63 0.0672837 1.06306
12.64 0.0779143 1.06238
12.65 0.0885381 1.0616
12.66 0.0991542 1.06072
12.67 0.109761 1.05973
12.68 0.120359 1.05863
12.69 0.130945 1.05743
12.7 0.141519 1.05612
12.71 0.15208 1.0547
12.72 0.162627 1.05318
12.73 0.173159 1.05155
12.74 0.183675 1.04982
12.75 0.194173 1.04799
12.76 0.204653 1.04604
12.77 0.215113 1.044
12.78 0.225553 1.04185
12.79 0.235972 1.03959
12.8 0.246368 1.03723
12.81 0.25674 1.03477
12.82 0.267088 1.0322
12.83 0.27741 1.02953
12.84 0.287705 1.02676
12.85 0.297972 1.02388
12.86 0.308211 1.0209
12.87 0.31842 1.01782
12.88 0.328598 1.01463
12.89 0.338745 1.01135
12.9 0.348858 1.00796
12.91 0.358938 1.00447
12.92 0.368982 1.00088
12.93 0.378991 0.997191
12.94 0.388963 0.993401
12.95 0.398897 0.989511
12.96 0.408792 0.985522
12.97 0.418647 0.981435
12.98 0.428462 0.977248
12.99 0.438234 0.972963
13 0.447964 0.968581
13.01 0.45765 0.964101
13.02 0.467291 0.959525
13.03 0.476886 0.954852
13.04 0.486435 0.950083
13.05 0.495935 0.945219
13.06 0.505388 0.940259
13.07 0.51479 0.935206
13.08 0.524142 0.930058
13.09 0.533443 0.924816
13.1 0.542691 0.919482
13.11 0.551886 0.914055
13.12 0.561026 0.908536
13.13 0.570112 0.902926
13.14 0.579141 0.897225
13.15 0.588113 0.891433
13.16 0.597028 0.885552
13.17 0.605883 0.879582
13.18 0.614679 0.873523
13.19 0.623414 0.867376
13.2 0.632088 0.861142
13.21 0.640699 0.854821
13.22 0.649247 0.848414
13.23 0.657732 0.841922
13.24 0.666151 0.835344
13.25 0.674504 0.828683
13.26 0.682791 0.821938
13.27 0.69101 0.81511
13.28 0.699162 0.8082
13.29 0.707244 0.801208
13.3 0.715256 0.794136
13.31 0.723197 0.786983
13.32 0.731067 0.779751
13.33 0.738864 0.772441
13.34 0.746589 0.765052
13.35 0.754239 0.757586
13.36 0.761815 0.750044
13.37 0.769316 0.742426
13.38 0.77674 0.734732
13.39 0.784087 0.726965
13.4 0.791357 0.719124
13.41 0.798548 0.711211
13.42 0.80566 0.703225
13.43 0.812692 0.695168
13.44 0.819644 0.687042
13.45 0.826515 0.678845
13.46 0.833303 0.67058
13.47 0.840009 0.662247
13.48 0.846631 0.653847
13.49 0.85317 0.645381
13.5 0.859624 0.636849
13.51 0.865992 0.628253
13.52 0.872275 0.619593
13.53 0.87847 0.61087
13.54 0.884579 0.602085
13.55 0.8906 0.593239
13.56 0.896532 0.584333
13.57 0.902376 0.575368
13.58 0.908129 0.566344
13.59 0.913793 0.557263
13.6 0.919366 0.548125
13.61 0.924847 0.538931
13.62 0.930236 0.529683
13.63 0.935533 0.520381
13.64 0.940737 0.511025
13.65 0.945847 0.501618
13.66 0.950863 0.49216
13.67 0.955785 0.482651
13.68 0.960611 0.473093
13.69 0.965342 0.463487
13.7 0.969977 0.453833
13.71 0.974515 0.444134
13.72 0.978957 0.434389
13.73 0.983301 0.424599
13.74 0.987547 0.414766
13.75 0.991694 0.404891
13.76 0.995743 0.394974
13.77 0.999693 0.385016
13.78 1.00354 0.375019
13.79 1.00729 0.364984
13.8 1.01094 0.354911
13.81 1.01449 0.344801
13.82 1.01794 0.334657
13.83 1.02129 0.324477
13.84 1.02453 0.314264
13.85 1.02767 0.304019
13.86 1.03071 0.293742
13.87 1.03365 0.283435
13.88 1.03649 0.273099
13.89 1.03922 0.262734
13.9 1.04184 0.252341
13.91 1.04437 0.241923
13.92 1.04679 0.231479
13.93 1.0491 0.221011
13.94 1.05131 0.21052
13.95 1.05342 0.200007
13.96 1.05542 0.189473
13.97 1.05731 0.178919
13.98 1.0591 0.168346
13.99 1.06078 0.157755
14 1.06236 0.147147
14.01 1.06383 0.136523
14.02 1.0652 0.125885
14.03 1.06646 0.115233
14.04 1.06761 0.104569
14.05 1.06866 0.0938924
14.06 1.06959 0.0832058
14.07 1.07043 0.0725099
14.08 1.07115 0.0618056
14.09 1.07177 0.0510941
14.1 1.07228 0.0403764
14.11 1.07268 0.0296536
14.12 1.07298 0.0189268
14.13 1.07317 0.00819694
14.14 1.07325 -0.00253476
14.15 1.07323 -0.0132673
14.16 1.07309 -0.0239996
14.17 1.07285 -0.0347305
14.18 1.07251 -0.045459
14.19 1.07205 -0.0561841
14.2 1.07149 -0.0669046
14.21 1.07082 -0.0776195
14.22 1.07005 -0.0883278
14.23 1.06916 -0.0990282
14.24 1.06817 -0.10972
14.25 1.06707 -0.120402
14.26 1.06587 -0.131072
14.27 1.06456 -0.141731
14.28 1.06314 -0.152377
14.29 1.06162 -0.163008
14.3 1.05999 -0.173624
14.31 1.05825 -0.184224
14.32 1.05641 -0.194807
14.33 1.05446 -0.205371
14.34 1.05241 -0.215915
14.35 1.05025 -0.226439
14.36 1.04798 -0.236942
14.37 1.04562 -0.247422
14.38 1.04314 -0.257878
14.39 1.04056 -0.268309
14.4 1.03788 -0.278715
14.41 1.03509 -0.289094
14.42 1.0322 -0.299445
14.43 1.02921 -0.309767
14.44 1.02611 -0.320059
14.45 1.02291 -0.33032
14.46 1.01961 -0.340549
14.47 1.0162 -0.350745
14.48 1.01269 -0.360907
14.49 1.00908 -0.371034
14.5 1.00537 -0.381125
14.51 1.00156 -0.391179
14.52 0.99765 -0.401194
14.53 0.993638 -0.411171
14.54 0.989526 -0.421107
14.55 0.985315 -0.431002
14.56 0.981005 -0.440855
14.57 0.976597 -0.450665
14.58 0.97209 -0.460431
14.59 0.967486 -0.470152
14.6 0.962784 -0.479827
14.61 0.957986 -0.489455
14.62 0.953091 -0.499035
14.63 0.948101 -0.508566
14.64 0.943015 -0.518047
14.65 0.937835 -0.527477
14.66 0.93256 -0.536855
14.67 0.927192 -0.546181
14.68 0.92173 -0.555453
14.69 0.916175 -0.56467
14.7 0.910529 -0.573832
14.71 0.90479 -0.582937
14.72 0.898961 -0.591985
14.73 0.893041 -0.600975
14.74 0.887031 -0.609905
14.75 0.880932 -0.618775
14.76 0.874745 -0.627585
14.77 0.868469 -0.636332
14.78 0.862105 -0.645017
14.79 0.855655 -0.653638
14.8 0.849119 -0.662194
14.81 0.842497 -0.670686
14.82 0.83579 -0.679111
14.83 0.828999 -0.687469
14.84 0.822124 -0.695759
14.85 0.815167 -0.70398
14.86 0.808127 -0.712131
14.87 0.801006 -0.720213
14.88 0.793803 -0.728223
14.89 0.786521 -0.736161
14.9 0.77916 -0.744026
14.91 0.771719 -0.751818
14.92 0.764201 -0.759535
14.93 0.756606 -0.767177
14.94 0.748934 -0.774743
14.95 0.741187 -0.782232
14.96 0.733364 -0.789644
14.97 0.725468 -0.796978
14.98 0.717498 -0.804232
14.99 0.709456 -0.811407
15 0.701342 -0.818502
15.01 0.693157 -0.825515
15.02 0.684901 -0.832447
15.03 0.676577 -0.839296
15.04 0.668184 -0.846062
15.05 0.659723 -0.852744
15.06 0.651196 -0.859341
15.07 0.642603 -0.865853
15.08 0.633944 -0.872279
15.09 0.625221 -0.878618
15.1 0.616435 -0.88487
15.11 0.607586 -0.891035
15.12 0.598676 -0.897111
15.13 0.589705 -0.903097
15.14 0.580674 -0.908994
15.15 0.571584 -0.914801
15.16 0.562436 -0.920517
15.17 0.553231 -0.926141
15.18 0.543969 -0.931674
15.19 0.534653 -0.937113
15.2 0.525282 -0.94246
15.21 0.515857 -0.947713
15.22 0.50638 -0.952871
15.23 0.496851 -0.957935
15.24 0.487272 -0.962904
15.25 0.477643 -0.967776
15.26 0.467965 -0.972553
15.27 0.458239 -0.977232
15.28 0.448467 -0.981815
15.29 0.438649 -0.986299
15.3 0.428786 -0.990686
15.31 0.418879 -0.994974
15.32 0.408929 -0.999163
15.33 0.398938 -1.00325
15.34 0.388905 -1.00724
15.35 0.378833 -1.01113
15.36 0.368721 -1.01492
15.37 0.358572 -1.01861
15.38 0.348386 -1.02219
15.39 0.338164 -1.02568
15.4 0.327908 -1.02906
15.41 0.317617 -1.03234
15.42 0.307294 -1.03551
15.43 0.296939 -1.03859
15.44 0.286553 -1.04155
15.45 0.276137 -1.04442
15.46 0.265693 -1.04718
15.47 0.255221 -1.04984
15.48 0.244723 -1.05239
15.49 0.234199 -1.05484
15.5 0.22365 -1.05718
15.51 0.213079 -1.05942
15.52 0.202484 -1.06155
15.53 0.191869 -1.06357
15.54 0.181233 -1.06549
15.55 0.170578 -1.0673
15.56 0.159905 -1.06901
15.57 0.149215 -1.07061
15.58 0.138509 -1.0721
15.59 0.127788 -1.07349
15.6 0.117053 -1.07476
15.61 0.106306 -1.07593
15.62 0.0955464 -1.077
15.63 0.0847764 -1.07795
15.64 0.0739969 -1.0788
15.65 0.0632089 -1.07954
15.66 0.0524135 -1.08017
15.67 0.0416117 -1.0807
15.68 0.0308048 -1.08111
15.69 0.0199937 -1.08142
15.7 0.00917947 -1.08162
15.71 -0.00163674 -1.08171
15.72 -0.0124539 -1.0817
15.73 -0.0232708 -1.08157
15.74 -0.0340865 -1.08134
15.75 -0.0448999 -1.081
15.76 -0.0557099 -1.08055
15.77 -0.0665154 -1.07999
15.78 -0.0773153 -1.07933
15.79 -0.0881085 -1.07855
15.8 -0.0988941 -1.07767
15.81 -0.109671 -1.07668
15.82 -0.120438 -1.07559
15.83 -0.131193 -1.07438
15.84 -0.141937 -1.07307
15.85 -0.152668 -1.07165
15.86 -0.163385 -1.07012
15.87 -0.174086 -1.06849
15.88 -0.184771 -1.06675
15.89 -0.195438 -1.0649
15.9 -0.206087 -1.06295
15.91 -0.216717 -1.06089
15.92 -0.227325 -1.05872
15.93 -0.237913 -1.05645
15.94 -0.248477 -1.05407
15.95 -0.259018 -1.05158
15.96 -0.269534 -1.04899
15.97 -0.280024 -1.0463
15.98 -0.290487 -1.0435
15.99 -0.300921 -1.04059
16 -0.311327 -1.03758
16.01 -0.321703 -1.03447
16.02 -0.332048 -1.03125
16.03 -0.34236 -1.02793
16.04 -0.35264 -1.02451
16.05 -0.362885 -1.02098
16.06 -0.373095 -1.01735
16.07 -0.383268 -1.01362
16.08 -0.393404 -1.00979
16.09 -0.403502 -1.00585
16.1 -0.413561 -1.00182
16.11 -0.423579 -0.997684
16.12 -0.433556 -0.993448
16.13 -0.44349 -0.989113
16.14 -0.453381 -0.984678
16.15 -0.463228 -0.980144
16.16 -0.47303 -0.975512
16.17 -0.482785 -0.970782
16.18 -0.492493 -0.965954
16.19 -0.502152 -0.961029
16.2 -0.511762 -0.956007
16.21 -0.521323 -0.95089
16.22 -0.530831 -0.945676
16.23 -0.540288 -0.940368
16.24 -0.549692 -0.934965
16.25 -0.559042 -0.929468
16.26 -0.568336 -0.923878
16.27 -0.577575 -0.918195
16.28 -0.586757 -0.912419
16.29 -0.595881 -0.906551
16.3 -0.604947 -0.900592
16.31 -0.613953 -0.894543
16.32 -0.622898 -0.888403
16.33 -0.631782 -0.882174
16.34 -0.640604 -0.875857
16.35 -0.649362 -0.869451
16.36 -0.658057 -0.862957
16.37 -0.666686 -0.856376
16.38 -0.67525 -0.84971
16.39 -0.683747 -0.842957
16.4 -0.692177 -0.83612
16.41 -0.700538 -0.829198
16.42 -0.70883 -0.822192
16.43 -0.717052 -0.815104
16.44 -0.725203 -0.807934
16.45 -0.733282 -0.800682
16.46 -0.741289 -0.793349
16.47 -0.749223 -0.785936
16.48 -0.757082 -0.778444
16.49 -0.764866 -0.770873
16.5 -0.772575 -0.763224
16.51 -0.780207 -0.755498
16.52 -0.787762 -0.747696
16.53 -0.795239 -0.739819
16.54 -0.802637 -0.731866
16.55 -0.809956 -0.72384
16.56 -0.817195 -0.71574
16.57 -0.824352 -0.707568
16.58 -0.831428 -0.699325
16.59 -0.838421 -0.691011
16.6 -0.845331 -0.682626
16.61 -0.852157 -0.674173
16.62 -0.858899 -0.665652
16.63 -0.865556 -0.657063
16.64 -0.872126 -0.648407
16.65 -0.87861 -0.639686
16.66 -0.885007 -0.6309
16.67 -0.891316 -0.62205
16.68 -0.897537 -0.613136
16.69 -0.903668 -0.604161
16.7 -0.90971 -0.595124
16.71 -0.915661 -0.586027
16.72 -0.921521 -0.576871
16.73 -0.92729 -0.567655
16.74 -0.932966 -0.558383
16.75 -0.93855 -0.549053
16.76 -0.944041 -0.539667
16.77 -0.949437 -0.530227
16.78 -0.95474 -0.520733
16.79 -0.959947 -0.511185
16.8 -0.965059 -0.501586
16.81 -0.970075 -0.491935
16.82 -0.974994 -0.482234
16.83 -0.979816 -0.472484
16.84 -0.984541 -0.462686
16.85 -0.989168 -0.452841
16.86 -0.993696 -0.442949
16.87 -0.998126 -0.433012
16.88 -1.00246 -0.423031
16.89 -1.00669 -0.413006
16.9 -1.01082 -0.40294
16.91 -1.01485 -0.392831
16.92 -1.01877 -0.382683
16.93 -1.0226 -0.372495
16.94 -1.02633 -0.362269
16.95 -1.02995 -0.352006
16.96 -1.03347 -0.341706
16.97 -1.03689 -0.331372
16.98 -1.0402 -0.321003
16.99 -1.04341 -0.310601
17 -1.04652 -0.300167
17.01 -1.04952 -0.289702
17.02 -1.05241 -0.279206
17.03 -1.05521 -0.268682
17.04 -1.05789 -0.25813
17.05 -1.06047 -0.247551
17.06 -1.06295 -0.236947
17.07 -1.06532 -0.226317
17.08 -1.06758 -0.215664
17.09 -1.06974 -0.204988
17.1 -1.07179 -0.194291
17.11 -1.07373 -0.183573
17.12 -1.07557 -0.172835
17.13 -1.0773 -0.16208
17.14 -1.07892 -0.151307
17.15 -1.08043 -0.140518
17.16 -1.08184 -0.129713
17.17 -1.08313 -0.118895
17.18 -1.08432 -0.108064
17.19 -1.0854 -0.0972205
17.2 -1.08637 -0.0863665
17.21 -1.08724 -0.0755027
17.22 -1.08799 -0.0646303
17.23 -1.08864 -0.0537504
17.24 -1.08918 -0.042864
17.25 -1.08961 -0.0319723
17.26 -1.08992 -0.0210762
17.27 -1.09014 -0.010177
17.28 -1.09024 0.000724397
17.29 -1.09023 0.0116268
17.3 -1.09011 0.0225291
17.31 -1.08989 0.0334302
17.32 -1.08955 0.0443291
17.33 -1.08911 0.0552246
17.34 -1.08856 0.0661157
17.35 -1.0879 0.0770013
17.36 -1.08713 0.0878803
17.37 -1.08625 0.0987516
17.38 -1.08526 0.109614
17.39 -1.08417 0.120467
17.4 -1.08296 0.131308
17.41 -1.08165 0.142138
17.42 -1.08023 0.152954
17.43 -1.0787 0.163757
17.44 -1.07706 0.174544
17.45 -1.07531 0.185314
17.46 -1.07346 0.196067
17.47 -1.0715 0.206802
17.48 -1.06943 0.217517
17.49 -1.06726 0.228211
17.5 -1.06497 0.238884
17.51 -1.06259 0.249534
17.52 -1.06009 0.260159
17.53 -1.05749 0.27076
17.54 -1.05478 0.281335
17.55 -1.05197 0.291883
17.56 -1.04905 0.302403
17.57 -1.04602 0.312893
17.58 -1.0429 0.323353
17.59 -1.03966 0.333782
17.6 -1.03632 0.344179
17.61 -1.03288 0.354542
17.62 -1.02934 0.364871
17.63 -1.02569 0.375164
17.64 -1.02194 0.385421
17.65 -1.01808 0.395641
17.66 -1.01413 0.405822
17.67 -1.01007 0.415963
17.68 -1.00591 0.426063
17.69 -1.00165 0.436123
17.7 -0.997287 0.446139
17.71 -0.992825 0.456112
17.72 -0.988264 0.46604
17.73 -0.983604 0.475923
17.74 -0.978844 0.485759
17.75 -0.973987 0.495547
17.76 -0.969031 0.505287
17.77 -0.963978 0.514977
17.78 -0.958829 0.524617
17.79 -0.953583 0.534206
17.8 -0.94824 0.543741
17.81 -0.942803 0.553224
17.82 -0.937271 0.562652
17.83 -0.931644 0.572025
17.84 -0.925924 0.581341
17.85 -0.920111 0.5906
17.86 -0.914205 0.599801
17.87 -0.908207 0.608943
17.88 -0.902117 0.618025
17.89 -0.895937 0.627047
17.9 -0.889666 0.636006
17.91 -0.883306 0.644903
17.92 -0.876857 0.653736
17.93 -0.87032 0.662504
17.94 -0.863695 0.671207
17.95 -0.856983 0.679844
17.96 -0.850184 0.688414
17.97 -0.8433 0.696916
17.98 -0.836331 0.705349
17.99 -0.829278 0.713712
18 -0.822141 0.722005
18.01 -0.814921 0.730227
18.02 -0.807618 0.738376
18.03 -0.800234 0.746452
18.04 -0.79277 0.754454
18.05 -0.785225 0.762382
18.06 -0.777602 0.770234
18.07 -0.769899 0.77801
18.08 -0.762119 0.785709
18.09 -0.754262 0.79333
18.1 -0.746329 0.800873
18.11 -0.73832 0.808336
18.12 -0.730237 0.81572
18.13 -0.722079 0.823022
18.14 -0.713849 0.830243
18.15 -0.705547 0.837381
18.16 -0.697173 0.844437
18.17 -0.688729 0.851408
18.18 -0.680215 0.858296
18.19 -0.671632 0.865098
18.2 -0.662981 0.871814
18.21 -0.654262 0.878444
18.22 -0.645478 0.884987
18.23 -0.636628 0.891441
18.24 -0.627714 0.897808
18.25 -0.618736 0.904085
18.26 -0.609695 0.910272
18.27 -0.600592 0.916369
18.28 -0.591428 0.922375
18.29 -0.582205 0.928289
18.3 -0.572922 0.934111
18.31 -0.563581 0.939841
18.32 -0.554182 0.945476
18.33 -0.544727 0.951018
18.34 -0.535217 0.956465
18.35 -0.525653 0.961818
18.36 -0.516034 0.967074
18.37 -0.506364 0.972235
18.38 -0.496641 0.977298
18.39 -0.486868 0.982265
18.4 -0.477046 0.987133
18.41 -0.467174 0.991904
18.42 -0.457255 0.996575
18.43 -0.44729 1.00115
18.44 -0.437278 1.00562
18.45 -0.427222 1.00999
18.46 -0.417122 1.01427
18.47 -0.406979 1.01844
18.48 -0.396795 1.02251
18.49 -0.38657 1.02647
18.5 -0.376305 1.03034
18.51 -0.366002 1.0341
18.52 -0.355661 1.03776
18.53 -0.345283 1.04132
18.54 -0.33487 1.04477
18.55 -0.324422 1.04812
18.56 -0.313941 1.05137
18.57 -0.303427 1.05451
18.58 -0.292882 1.05754
18.59 -0.282307 1.06047
18.6 -0.271702 1.06329
18.61 -0.261069 1.06601
18.62 -0.250409 1.06862
18.63 -0.239723 1.07112
18.64 -0.229012 1.07352
18.65 -0.218277 1.07581
18.66 -0.207518 1.07799
18.67 -0.196738 1.08007
18.68 -0.185938 1.08204
18.69 -0.175117 1.0839
18.7 -0.164278 1.08565
18.71 -0.153422 1.08729
18.72 -0.142549 1.08882
18.73 -0.131661 1.09025
18.74 -0.120758 1.09157
18.75 -0.109843 1.09277
18.76 -0.098915 1.09387
18.77 -0.0879763 1.09486
18.78 -0.0770277 1.09574
18.79 -0.0660702 1.09651
18.8 -0.0551051 1.09717
18.81 -0.0441334 1.09772
18.82 -0.0331562 1.09816
18.83 -0.0221746 1.0985
18.84 -0.0111896 1.09872
18.85 -0.000202423 1.09883
18.86 0.0107859 1.09883
18.87 0.0217742 1.09872
18.88 0.0327614 1.09851
18.89 0.0437465 1.09818
18.9 0.0547283 1.09774
18.91 0.0657057 1.09719
18.92 0.0766776 1.09654
18.93 0.087643 1.09577
18.94 0.0986006 1.09489
18.95 0.10955 1.09391
18.96 0.120489 1.09281
18.97 0.131417 1.09161
18.98 0.142333 1.09029
18.99 0.153236 1.08887
19 0.164124 1.08734
19.01 0.174998 1.0857
19.02 0.185855 1.08395
19.03 0.196694 1.08209
19.04 0.207515 1.08012
19.05 0.218316 1.07804
19.06 0.229097 1.07586
19.07 0.239855 1.07357
19.08 0.250591 1.07117
19.09 0.261303 1.06867
19.1 0.271989 1.06605
19.11 0.28265 1.06333
19.12 0.293283 1.06051
19.13 0.303888 1.05757
19.14 0.314464 1.05454
19.15 0.325009 1.05139
19.16 0.335523 1.04814
19.17 0.346005 1.04479
19.18 0.356453 1.04133
19.19 0.366866 1.03776
19.2 0.377244 1.03409
19.21 0.387584 1.03032
19.22 0.397888 1.02644
19.23 0.408152 1.02246
19.24 0.418377 1.01838
19.25 0.428561 1.0142
19.26 0.438703 1.00991
19.27 0.448802 1.00553
19.28 0.458857 1.00104
19.29 0.468867 0.99645
19.3 0.478832 0.991762
19.31 0.488749 0.986973
19.32 0.498619 0.982086
19.33 0.50844 0.9771
19.34 0.518211 0.972015
19.35 0.527931 0.966833
19.36 0.5376 0.961554
19.37 0.547215 0.956178
19.38 0.556777 0.950706
19.39 0.566284 0.945138
19.4 0.575735 0.939475
19.41 0.58513 0.933718
19.42 0.594467 0.927866
19.43 0.603746 0.921922
19.44 0.612965 0.915884
19.45 0.622124 0.909755
19.46 0.631221 0.903533
19.47 0.640257 0.897221
19.48 0.649229 0.890819
19.49 0.658137 0.884326
19.5 0.66698 0.877745
19.51 0.675758 0.871075
19.52 0.684469 0.864318
19.53 0.693112 0.857473
19.54 0.701687 0.850542
19.55 0.710192 0.843525
19.56 0.718627 0.836423
19.57 0.726991 0.829237
19.58 0.735284 0.821967
19.59 0.743504 0.814614
19.6 0.75165 0.807179
19.61 0.759721 0.799662
19.62 0.767718 0.792065
19.63 0.775639 0.784388
19.64 0.783483 0.776632
19.65 0.791249 0.768797
19.66 0.798937 0.760884
19.67 0.806546 0.752895
19.68 0.814075 0.744829
19.69 0.821523 0.736689
19.7 0.82889 0.728474
19.71 0.836175 0.720185
19.72 0.843376 0.711823
19.73 0.850495 0.703389
19.74 0.857529 0.694884
19.75 0.864477 0.686309
19.76 0.87134 0.677664
19.77 0.878117 0.668951
19.78 0.884807 0.66017
19.79 0.891408 0.651321
19.8 0.897922 0.642407
19.81 0.904346 0.633428
19.82 0.91068 0.624385
19.83 0.916924 0.615278
19.84 0.923077 0.606109
19.85 0.929138 0.596878
19.86 0.935106 0.587587
19.87 0.940982 0.578235
19.88 0.946765 0.568826
19.89 0.952453 0.559358
19.9 0.958046 0.549833
19.91 0.963545 0.540253
19.92 0.968947 0.530618
19.93 0.974253 0.520928
19.94 0.979463 0.511186
19.95 0.984575 0.501391
19.96 0.989589 0.491545
19.97 0.994504 0.481649
19.98 0.99932 0.471704
19.99 1.00404 0.461711
20 1.00865 0.451671
20.01 1.01317 0.441584
20.02 1.01759 0.431452
20.03 1.0219 0.421277
20.04 1.02611 0.411058
20.05 1.03023 0.400796
20.06 1.03423 0.390494
20.07 1.03814 0.380152
20.08 1.04194 0.36977
20.09 1.04564 0.359351
20.1 1.04923 0.348895
20.11 1.05272 0.338402
20.12 1.0561 0.327875
20.13 1.05938 0.317314
20.14 1.06256 0.30672
20.15 1.06562 0.296095
20.16 1.06858 0.285439
20.17 1.07144 0.274753
20.18 1.07419 0.264038
20.19 1.07683 0.253296
20.2 1.07936 0.242528
20.21 1.08178 0.231735
20.22 1.0841 0.220917
20.23 1.08631 0.210076
20.24 1.08841 0.199213
20.25 1.0904 0.188329
20.26 1.09229 0.177424
20.27 1.09406 0.166502
20.28 1.09573 0.155561
20.29 1.09728 0.144604
20.3 1.09873 0.133631
20.31 1.10006 0.122644
20.32 1.10129 0.111643
20.33 1.10241 0.10063
20.34 1.10341 0.089606
20.35 1.10431 0.0785719
20.36 1.1051 0.0675288
20.37 1.10577 0.0564778
20.38 1.10634 0.0454201
20.39 1.10679 0.0343568
20.4 1.10713 0.0232889
20.41 1.10737 0.0122176
20.42 1.10749 0.0011439
20.43 1.1075 -0.00993098
20.44 1.1074 -0.021006
20.45 1.10719 -0.03208
20.46 1.10687 -0.0431519
20.47 1.10644 -0.0542206
20.48 1.1059 -0.0652849
20.49 1.10524 -0.0763439
20.5 1.10448 -0.0873963
20.51 1.10361 -0.0984411
20.52 1.10262 -0.109477
20.53 1.10153 -0.120503
20.54 1.10032 -0.131519
20.55 1.09901 -0.142522
20.56 1.09758 -0.153512
20.57 1.09605 -0.164488
20.58 1.0944 -0.175448
20.59 1.09265 -0.186392
20.6 1.09078 -0.197319
20.61 1.08881 -0.208226
20.62 1.08673 -0.219115
20.63 1.08454 -0.229982
20.64 1.08224 -0.240827
20.65 1.07983 -0.25165
20.66 1.07731 -0.262448
20.67 1.07469 -0.273221
20.68 1.07195 -0.283968
20.69 1.06911 -0.294687
20.7 1.06617 -0.305378
20.71 1.06311 -0.31604
20.72 1.05995 -0.326671
20.73 1.05669 -0.337271
20.74 1.05331 -0.347838
20.75 1.04984 -0.358371
20.76 1.04625 -0.368869
20.77 1.04256 -0.379332
20.78 1.03877 -0.389757
20.79 1.03487 -0.400145
20.8 1.03087 -0.410494
20.81 1.02677 -0.420803
20.82 1.02256 -0.43107
20.83 1.01825 -0.441296
20.84 1.01383 -0.451478
20.85 1.00932 -0.461617
20.86 1.0047 -0.47171
20.87 0.999986 -0.481757
20.88 0.995169 -0.491757
20.89 0.990251 -0.501708
20.9 0.985234 -0.511611
20.91 0.980118 -0.521463
20.92 0.974903 -0.531264
20.93 0.969591 -0.541013
20.94 0.964181 -0.550709
20.95 0.958674 -0.560351
20.96 0.95307 -0.569938
20.97 0.947371 -0.579469
20.98 0.941576 -0.588942
20.99 0.935687 -0.598358
21 0.929703 -0.607715
21.01 0.923626 -0.617012
21.02 0.917456 -0.626248
21.03 0.911193 -0.635423
21.04 0.904839 -0.644535
21.05 0.898394 -0.653583
21.06 0.891858 -0.662567
21.07 0.885232 -0.671486
21.08 0.878517 -0.680338
21.09 0.871714 -0.689123
21.1 0.864823 -0.69784
21.11 0.857844 -0.706488
21.12 0.850779 -0.715067
21.13 0.843629 -0.723575
21.14 0.836393 -0.732011
21.15 0.829073 -0.740375
21.16 0.821669 -0.748666
21.17 0.814183 -0.756882
21.18 0.806614 -0.765024
21.19 0.798963 -0.77309
21.2 0.791233 -0.78108
21.21 0.783422 -0.788992
21.22 0.775532 -0.796826
21.23 0.767564 -0.804582
21.24 0.759518 -0.812257
21.25 0.751395 -0.819853
21.26 0.743197 -0.827367
21.27 0.734923 -0.834799
21.28 0.726575 -0.842148
21.29 0.718154 -0.849413
21.3 0.709659 -0.856595
21.31 0.701093 -0.863692
21.32 0.692457 -0.870703
21.33 0.683749 -0.877627
21.34 0.674973 -0.884465
21.35 0.666129 -0.891214
21.36 0.657216 -0.897876
21.37 0.648238 -0.904448
21.38 0.639193 -0.91093
21.39 0.630084 -0.917322
21.4 0.620911 -0.923623
21.41 0.611674 -0.929832
21.42 0.602376 -0.935949
21.43 0.593017 -0.941973
21.44 0.583597 -0.947903
21.45 0.574118 -0.953739
21.46 0.56458 -0.95948
21.47 0.554986 -0.965126
21.48 0.545334 -0.970676
21.49 0.535628 -0.976129
21.5 0.525866 -0.981485
21.51 0.516052 -0.986744
21.52 0.506184 -0.991904
21.53 0.496265 -0.996966
21.54 0.486295 -1.00193
21.55 0.476276 -1.00679
21.56 0.466208 -1.01155
21.57 0.456093 -1.01622
21.58 0.44593 -1.02078
21.59 0.435723 -1.02524
21.6 0.42547 -1.02959
21.61 0.415174 -1.03385
21.62 0.404836 -1.038
21.63 0.394456 -1.04205
21.64 0.384035 -1.04599
21.65 0.373575 -1.04983
21.66 0.363077 -1.05357
21.67 0.352541 -1.0572
21.68 0.341969 -1.06073
21.69 0.331362 -1.06415
21.7 0.320721 -1.06746
21.71 0.310046 -1.07067
21.72 0.299339 -1.07377
21.73 0.288602 -1.07676
21.74 0.277834 -1.07965
21.75 0.267038 -1.08242
21.76 0.256213 -1.08509
21.77 0.245363 -1.08766
21.78 0.234486 -1.09011
21.79 0.223585 -1.09246
21.8 0.21266 -1.09469
21.81 0.201713 -1.09682
21.82 0.190745 -1.09884
21.83 0.179757 -1.10074
21.84 0.168749 -1.10254
21.85 0.157724 -1.10423
21.86 0.146682 -1.1058
21.87 0.135624 -1.10727
21.88 0.124551 -1.10863
21.89 0.113465 -1.10987
21.9 0.102366 -1.11101
21.91 0.0912559 -1.11203
21.92 0.0801356 -1.11294
21.93 0.0690062 -1.11375
21.94 0.0578687 -1.11444
21.95 0.0467243 -1.11501
21.96 0.0355742 -1.11548
21.97 0.0244194 -1.11584
21.98 0.013261 -1.11608
21.99 0.00210019 -1.11621
22 -0.00906195 -1.11624
22.01 -0.0202243 -1.11614
22.02 -0.0313857 -1.11594
22.03 -0.0425452 -1.11563
22.04 -0.0537015 -1.1152
22.05 -0.0648535 -1.11467
22.06 -0.0760001 -1.11402
22.07 -0.0871403 -1.11326
22.08 -0.0982729 -1.11239
22.09 -0.109397 -1.1114
22.1 -0.120511 -1.11031
22.11 -0.131614 -1.1091
22.12 -0.142705 -1.10779
22.13 -0.153783 -1.10636
22.14 -0.164846 -1.10482
22.15 -0.175895 -1.10317
22.16 -0.186926 -1.10142
22.17 -0.197941 -1.09955
22.18 -0.208936 -1.09757
22.19 -0.219912 -1.09548
22.2 -0.230866 -1.09328
22.21 -0.241799 -1.09097
22.22 -0.252709 -1.08855
22.23 -0.263594 -1.08602
22.24 -0.274455 -1.08339
22.25 -0.285289 -1.08064
22.26 -0.296095 -1.07779
22.27 -0.306873 -1.07483
22.28 -0.317621 -1.07176
22.29 -0.328339 -1.06859
22.3 -0.339025 -1.0653
22.31 -0.349678 -1.06191
22.32 -0.360297 -1.05842
22.33 -0.370881 -1.05481
22.34 -0.381429 -1.0511
22.35 -0.39194 -1.04729
22.36 -0.402413 -1.04337
22.37 -0.412847 -1.03935
22.38 -0.42324 -1.03522
22.39 -0.433592 -1.03098
22.4 -0.443902 -1.02665
22.41 -0.454169 -1.02221
22.42 -0.464391 -1.01767
22.43 -0.474568 -1.01302
22.44 -0.484698 -1.00828
22.45 -0.494781 -1.00343
22.46 -0.504815 -0.998484
22.47 -0.5148 -0.993436
22.48 -0.524734 -0.988288
22.49 -0.534617 -0.98304
22.5 -0.544447 -0.977694
22.51 -0.554224 -0.97225
22.52 -0.563947 -0.966707
22.53 -0.573614 -0.961068
22.54 -0.583225 -0.955332
22.55 -0.592778 -0.9495
22.56 -0.602273 -0.943572
22.57 -0.611709 -0.937549
22.58 -0.621084 -0.931432
22.59 -0.630398 -0.925221
22.6 -0.639651 -0.918917
22.61 -0.64884 -0.912521
22.62 -0.657965 -0.906032
22.63 -0.667025 -0.899453
22.64 -0.67602 -0.892782
22.65 -0.684948 -0.886022
22.66 -0.693808 -0.879173
22.67 -0.7026 -0.872235
22.68 -0.711322 -0.865209
22.69 -0.719974 -0.858095
22.7 -0.728555 -0.850896
22.71 -0.737064 -0.84361
22.72 -0.7455 -0.836239
22.73 -0.753862 -0.828784
22.74 -0.76215 -0.821246
22.75 -0.770363 -0.813624
22.76 -0.778499 -0.805921
22.77 -0.786558 -0.798136
22.78 -0.79454 -0.79027
22.79 -0.802442 -0.782325
22.8 -0.810265 -0.7743
22.81 -0.818008 -0.766198
22.82 -0.82567 -0.758018
22.83 -0.833251 -0.749761
22.84 -0.840748 -0.741428
22.85 -0.848163 -0.733021
22.86 -0.855493 -0.724539
22.87 -0.862738 -0.715984
22.88 -0.869898 -0.707357
22.89 -0.876972 -0.698658
22.9 -0.883958 -0.689888
22.91 -0.890857 -0.681049
22.92 -0.897667 -0.67214
22.93 -0.904389 -0.663163
22.94 -0.911021 -0.654119
22.95 -0.917562 -0.645009
22.96 -0.924012 -0.635834
22.97 -0.93037 -0.626594
22.98 -0.936636 -0.61729
22.99 -0.942809 -0.607923
23 -0.948888 -0.598495
23.01 -0.954873 -0.589007
23.02 -0.960763 -0.579458
23.03 -0.966558 -0.56985
23.04 -0.972256 -0.560185
23.05 -0.977858 -0.550462
23.06 -0.983363 -0.540683
23.07 -0.98877 -0.53085
23.08 -0.994078 -0.520962
23.09 -0.999288 -0.511021
23.1 -1.0044 -0.501028
23.11 -1.00941 -0.490984
23.12 -1.01432 -0.48089
23.13 -1.01913 -0.470747
23.14 -1.02383 -0.460556
23.15 -1.02844 -0.450318
23.16 -1.03294 -0.440033
23.17 -1.03734 -0.429704
23.18 -1.04164 -0.41933
23.19 -1.04583 -0.408914
23.2 -1.04992 -0.398456
23.21 -1.05391 -0.387956
23.22 -1.05779 -0.377417
23.23 -1.06156 -0.366839
23.24 -1.06523 -0.356224
23.25 -1.06879 -0.345571
23.26 -1.07225 -0.334884
23.27 -1.0756 -0.324161
23.28 -1.07884 -0.313405
23.29 -1.08197 -0.302617
23.3 -1.085 -0.291797
23.31 -1.08792 -0.280947
23.32 -1.09073 -0.270068
23.33 -1.09343 -0.259161
23.34 -1.09602 -0.248226
23.35 -1.0985 -0.237266
23.36 -1.10087 -0.226281
23.37 -1.10314 -0.215272
23.38 -1.10529 -0.204241
23.39 -1.10733 -0.193188
23.4 -1.10926 -0.182115
23.41 -1.11108 -0.171022
23.42 -1.11279 -0.159911
23.43 -1.11439 -0.148783
23.44 -1.11588 -0.13764
23.45 -1.11726 -0.126481
23.46 -1.11852 -0.115308
23.47 -1.11968 -0.104123
23.48 -1.12072 -0.0929262
23.49 -1.12165 -0.081719
23.5 -1.12246 -0.0705026
23.51 -1.12317 -0.0592779
23.52 -1.12376 -0.0480463
23.53 -1.12424 -0.0368086
23.54 -1.12461 -0.0255662
23.55 -1.12487 -0.0143201
23.56 -1.12501 -0.00307149
23.57 -1.12504 0.00817859
23.58 -1.12496 0.019429
23.59 -1.12476 0.0306786
23.6 -1.12446 0.0419262
23.61 -1.12404 0.0531707
23.62 -1.12351 0.0644111
23.63 -1.12286 0.0756462
23.64 -1.1221 0.0868748
23.65 -1.12124 0.0980958
23.66 -1.12025 0.109308
23.67 -1.11916 0.120511
23.68 -1.11796 0.131702
23.69 -1.11664 0.142882
23.7 -1.11521 0.154048
23.71 -1.11367 0.1652
23.72 -1.11202 0.176337
23.73 -1.11025 0.187457
23.74 -1.10838 0.19856
23.75 -1.10639 0.209644
23.76 -1.1043 0.220708
23.77 -1.10209 0.231751
23.78 -1.09977 0.242772
23.79 -1.09735 0.253769
23.8 -1.09481 0.264743
23.81 -1.09216 0.275691
23.82 -1.0894 0.286612
23.83 -1.08654 0.297506
23.84 -1.08356 0.308372
23.85 -1.08048 0.319207
23.86 -1.07729 0.330012
23.87 -1.07399 0.340785
23.88 -1.07058 0.351525
23.89 -1.06706 0.362231
23.9 -1.06344 0.372901
23.91 -1.05971 0.383536
23.92 -1.05588 0.394133
23.93 -1.05194 0.404692
23.94 -1.04789 0.415211
23.95 -1.04374 0.42569
23.96 -1.03948 0.436127
23.97 -1.03512 0.446522
23.98 -1.03065 0.456873
23.99 -1.02608 0.46718
24 -1.02141 0.477441
24.01 -1.01664 0.487655
24.02 -1.01176 0.497821
24.03 -1.00678 0.507939
24.04 -1.0017 0.518007
24.05 -0.996524 0.528024
24.06 -0.991244 0.537989
24.07 -0.985864 0.547901
24.08 -0.980385 0.55776
24.09 -0.974808 0.567564
24.1 -0.969132 0.577312
24.11 -0.963359 0.587003
24.12 -0.957489 0.596637
24.13 -0.951522 0.606212
24.14 -0.94546 0.615727
24.15 -0.939303 0.625182
24.16 -0.933051 0.634575
24.17 -0.926705 0.643905
24.18 -0.920266 0.653172
24.19 -0.913735 0.662375
24.2 -0.907111 0.671512
24.21 -0.900396 0.680583
24.22 -0.89359 0.689587
24.23 -0.886694 0.698523
24.24 -0.879709 0.70739
24.25 -0.872635 0.716187
24.26 -0.865473 0.724914
24.27 -0.858224 0.733568
24.28 -0.850888 0.742151
24.29 -0.843467 0.750659
24.3 -0.83596 0.759094
24.31 -0.828369 0.767454
24.32 -0.820695 0.775737
24.33 -0.812937 0.783944
24.34 -0.805098 0.792074
24.35 -0.797177 0.800125
24.36 -0.789176 0.808096
24.37 -0.781095 0.815988
24.38 -0.772935 0.823799
24.39 -0.764697 0.831528
24.4 -0.756382 0.839175
24.41 -0.74799 0.846739
24.42 -0.739523 0.854219
24.43 -0.73098 0.861614
24.44 -0.722364 0.868924
24.45 -0.713675 0.876148
24.46 -0.704914 0.883285
24.47 -0.696081 0.890334
24.48 -0.687177 0.897295
24.49 -0.678204 0.904166
24.5 -0.669163 0.910948
24.51 -0.660053 0.91764
24.52 -0.650877 0.924241
24.53 -0.641634 0.930749
24.54 -0.632327 0.937166
24.55 -0.622955 0.943489
24.56 -0.61352 0.949718
24.57 -0.604023 0.955854
24.58 -0.594465 0.961894
24.59 -0.584846 0.967839
24.6 -0.575167 0.973687
24.61 -0.565431 0.979439
24.62 -0.555636 0.985093
24.63 -0.545785 0.990649
24.64 -0.535879 0.996107
24.65 -0.525918 1.00147
24.66 -0.515903 1.00673
24.67 -0.505836 1.01188
24.68 -0.495717 1.01694
24.69 -0.485547 1.0219
24.7 -0.475328 1.02676
24.71 -0.465061 1.03151
24.72 -0.454746 1.03616
24.73 -0.444384 1.04071
24.74 -0.433977 1.04515
24.75 -0.423526 1.04949
24.76 -0.413031 1.05373
24.77 -0.402494 1.05786
24.78 -0.391915 1.06188
24.79 -0.381296 1.0658
24.8 -0.370638 1.06961
24.81 -0.359942 1.07332
24.82 -0.349209 1.07692
24.83 -0.33844 1.08041
24.84 -0.327636 1.0838
24.85 -0.316798 1.08707
24.86 -0.305927 1.09024
24.87 -0.295024 1.0933
24.88 -0.284091 1.09625
24.89 -0.273129 1.09909
24.9 -0.262138 1.10182
24.91 -0.25112 1.10444
24.92 -0.240075 1.10695
24.93 -0.229006 1.10935
24.94 -0.217912 1.11164
24.95 -0.206796 1.11382
24.96 -0.195658 1.11589
24.97 -0.184499 1.11785
24.98 -0.17332 1.11969
24.99 -0.162123 1.12143
25 -0.150909 1.12305
25.01 -0.139679 1.12456
25.02 -0.128433 1.12595
25.03 -0.117174 1.12724
25.04 -0.105901 1.12841
25.05 -0.0946171 1.12947
25.06 -0.0833224 1.13041
25.07 -0.0720182 1.13125
25.08 -0.0607058 1.13197
25.09 -0.0493861 1.13258
25.1 -0.0380603 1.13307
25.11 -0.0267296 1.13345
25.12 -0.0153951 1.13372
25.13 -0.00405797 1.13387
25.14 0.00728074 1.13391
25.15 0.0186199 1.13384
25.16 0.0299582 1.13365
25.17 0.0412948 1.13335
25.18 0.0526283 1.13294
25.19 0.0639577 1.13241
25.2 0.0752818 1.13177
25.21 0.0865996 1.13102
25.22 0.0979098 1.13016
25.23 0.109211 1.12918
25.24 0.120503 1.12808
25.25 0.131784 1.12688
25.26 0.143053 1.12556
25.27 0.154308 1.12413
25.28 0.16555 1.12259
25.29 0.176776 1.12093
25.3 0.187985 1.11916
25.31 0.199176 1.11728
25.32 0.210349 1.11529
25.33 0.221502 1.11319
25.34 0.232634 1.11097
25.35 0.243744 1.10865
25.36 0.25483 1.10621
25.37 0.265892 1.10366
25.38 0.276929 1.101
25.39 0.287939 1.09823
25.4 0.298921 1.09535
25.41 0.309875 1.09237
25.42 0.320799 1.08927
25.43 0.331691 1.08606
25.44 0.342552 1.08274
25.45 0.353379 1.07932
25.46 0.364172 1.07578
25.47 0.37493 1.07214
25.48 0.385652 1.06839
25.49 0.396336 1.06453
25.5 0.406981 1.06057
25.51 0.417587 1.0565
25.52 0.428152 1.05233
25.53 0.438675 1.04804
25.54 0.449155 1.04366
25.55 0.459592 1.03917
25.56 0.469984 1.03457
25.57 0.480329 1.02987
25.58 0.490628 1.02507
25.59 0.500879 1.02016
25.6 0.51108 1.01515
25.61 0.521232 1.01004
25.62 0.531332 1.00483
25.63 0.541381 0.999515
25.64 0.551376 0.994102
25.65 0.561317 0.988588
25.66 0.571203 0.982975
25.67 0.581032 0.977263
25.68 0.590805 0.971452
25.69 0.600519 0.965544
25.7 0.610175 0.959539
25.71 0.61977 0.953437
25.72 0.629305 0.94724
25.73 0.638777 0.940947
25.74 0.648187 0.934559
25.75 0.657532 0.928077
25.76 0.666813 0.921502
25.77 0.676028 0.914833
25.78 0.685176 0.908073
25.79 0.694257 0.901221
25.8 0.703269 0.894279
25.81 0.712212 0.887246
25.82 0.721084 0.880124
25.83 0.729886 0.872913
25.84 0.738615 0.865614
25.85 0.747271 0.858228
25.86 0.755853 0.850755
25.87 0.764361 0.843197
25.88 0.772793 0.835553
25.89 0.781148 0.827825
25.9 0.789427 0.820014
25.91 0.797627 0.81212
25.92 0.805748 0.804143
25.93 0.813789 0.796086
25.94 0.82175 0.787948
25.95 0.82963 0.77973
25.96 0.837427 0.771434
25.97 0.845141 0.76306
25.98 0.852772 0.754609
25.99 0.860318 0.746081
26 0.867779 0.737478
26.01 0.875154 0.7288
26.02 0.882442 0.720048
26.03 0.889642 0.711224
26.04 0.896754 0.702327
26.05 0.903778 0.69336
26.06 0.910711 0.684322
26.07 0.917554 0.675215
26.08 0.924307 0.666039
26.09 0.930967 0.656796
26.1 0.937535 0.647487
26.11 0.94401 0.638111
26.12 0.950391 0.628671
26.13 0.956678 0.619167
26.14 0.962869 0.609601
26.15 0.968965 0.599972
26.16 0.974965 0.590282
26.17 0.980868 0.580533
26.18 0.986673 0.570724
26.19 0.99238 0.560857
26.2 0.997989 0.550933
26.21 1.0035 0.540954
26.22 1.00891 0.530919
26.23 1.01422 0.520829
26.24 1.01943 0.510687
26.25 1.02453 0.500493
26.26 1.02954 0.490248
26.27 1.03444 0.479952
26.28 1.03924 0.469608
26.29 1.04394 0.459216
26.3 1.04853 0.448776
26.31 1.05302 0.438291
26.32 1.0574 0.427761
26.33 1.06168 0.417187
26.34 1.06585 0.40657
26.35 1.06991 0.395912
26.36 1.07387 0.385212
26.37 1.07772 0.374474
26.38 1.08147 0.363696
26.39 1.08511 0.352882
26.4 1.08863 0.342031
26.41 1.09206 0.331144
26.42 1.09537 0.320224
26.43 1.09857 0.30927
26.44 1.10166 0.298284
26.45 1.10464 0.287268
26.46 1.10752 0.276221
26.47 1.11028 0.265146
26.48 1.11293 0.254043
26.49 1.11547 0.242914
26.5 1.1179 0.231759
26.51 1.12022 0.22058
26.52 1.12242 0.209378
26.53 1.12452 0.198154
26.54 1.1265 0.186909
26.55 1.12837 0.175644
26.56 1.13012 0.16436
26.57 1.13177 0.153059
26.58 1.1333 0.141741
26.59 1.13472 0.130408
26.6 1.13602 0.119061
26.61 1.13721 0.107701
26.62 1.13829 0.0963287
26.63 1.13925 0.0849459
26.64 1.1401 0.0735534
26.65 1.14084 0.0621523
26.66 1.14146 0.050744
26.67 1.14197 0.0393294
26.68 1.14236 0.0279098
26.69 1.14264 0.0164862
26.7 1.1428 0.00505979
26.71 1.14285 -0.00636823
26.72 1.14279 -0.0177968
26.73 1.14261 -0.0292247
26.74 1.14232 -0.0406508
26.75 1.14191 -0.052074
26.76 1.14139 -0.0634931
26.77 1.14076 -0.074907
26.78 1.14001 -0.0863146
26.79 1.13914 -0.0977147
26.8 1.13817 -0.109106
26.81 1.13708 -0.120488
26.82 1.13587 -0.131859
26.83 1.13455 -0.143217
26.84 1.13312 -0.154563
26.85 1.13158 -0.165894
26.86 1.12992 -0.17721
26.87 1.12814 -0.188509
26.88 1.12626 -0.19979
26.89 1.12426 -0.211053
26.9 1.12215 -0.222296
26.91 1.11993 -0.233517
26.92 1.11759 -0.244716
26.93 1.11515 -0.255892
26.94 1.11259 -0.267044
26.95 1.10992 -0.27817
26.96 1.10713 -0.289269
26.97 1.10424 -0.30034
26.98 1.10124 -0.311383
26.99 1.09812 -0.322395
27 1.0949 -0.333376
27.01 1.09157 -0.344325
27.02 1.08812 -0.355241
27.03 1.08457 -0.366122
27.04 1.08091 -0.376968
27.05 1.07714 -0.387777
27.06 1.07326 -0.398548
27.07 1.06928 -0.409281
27.08 1.06518 -0.419974
27.09 1.06098 -0.430625
27.1 1.05668 -0.441235
27.11 1.05227 -0.451802
27.12 1.04775 -0.462325
27.13 1.04312 -0.472802
27.14 1.0384 -0.483233
27.15 1.03356 -0.493617
27.16 1.02863 -0.503953
27.17 1.02359 -0.514239
27.18 1.01845 -0.524475
27.19 1.0132 -0.53466
27.2 1.00785 -0.544792
27.21 1.00241 -0.55487
27.22 0.996858 -0.564894
27.23 0.991209 -0.574863
27.24 0.985461 -0.584775
27.25 0.979613 -0.59463
27.26 0.973666 -0.604426
27.27 0.967622 -0.614162
27.28 0.961481 -0.623839
27.29 0.955242 -0.633453
27.3 0.948908 -0.643006
27.31 0.942478 -0.652495
27.32 0.935953 -0.66192
27.33 0.929333 -0.671279
27.34 0.922621 -0.680573
27.35 0.915815 -0.689799
27.36 0.908917 -0.698957
27.37 0.901927 -0.708046
27.38 0.894847 -0.717065
27.39 0.887676 -0.726014
27.4 0.880416 -0.734891
27.41 0.873067 -0.743695
27.42 0.86563 -0.752425
27.43 0.858106 -0.761082
27.44 0.850495 -0.769663
27.45 0.842799 -0.778168
27.46 0.835017 -0.786596
27.47 0.827151 -0.794946
27.48 0.819201 -0.803217
27.49 0.811169 -0.811409
27.5 0.803055 -0.819521
27.51 0.79486 -0.827552
27.52 0.786584 -0.8355
27.53 0.778229 -0.843366
27.54 0.769796 -0.851148
27.55 0.761284 -0.858846
27.56 0.752696 -0.866459
27.57 0.744031 -0.873986
27.58 0.735291 -0.881427
27.59 0.726477 -0.888779
27.6 0.717589 -0.896044
27.61 0.708629 -0.90322
27.62 0.699597 -0.910306
27.63 0.690494 -0.917302
27.64 0.681321 -0.924207
27.65 0.672079 -0.93102
27.66 0.662768 -0.937741
27.67 0.653391 -0.944369
27.68 0.643947 -0.950903
27.69 0.634438 -0.957342
27.7 0.624865 -0.963687
27.71 0.615228 -0.969935
27.72 0.605529 -0.976088
27.73 0.595768 -0.982143
27.74 0.585946 -0.988101
27.75 0.576065 -0.99396
27.76 0.566126 -0.999721
27.77 0.556128 -1.00538
27.78 0.546075 -1.01094
27.79 0.535965 -1.0164
27.8 0.525801 -1.02176
27.81 0.515584 -1.02702
27.82 0.505313 -1.03218
27.83 0.494992 -1.03723
27.84 0.484619 -1.04218
27.85 0.474197 -1.04703
27.86 0.463727 -1.05177
27.87 0.453209 -1.05641
27.88 0.442645 -1.06094
27.89 0.432036 -1.06536
27.9 0.421382 -1.06968
27.91 0.410686 -1.0739
27.92 0.399947 -1.07801
27.93 0.389166 -1.08201
27.94 0.378346 -1.0859
27.95 0.367487 -1.08968
27.96 0.356591 -1.09336
27.97 0.345657 -1.09692
27.98 0.334688 -1.10038
27.99 0.323684 -1.10372
28 0.312647 -1.10696
28.01 0.301577 -1.11009
28.02 0.290476 -1.1131
28.03 0.279345 -1.11601
28.04 0.268185 -1.1188
28.05 0.256997 -1.12148
28.06 0.245782 -1.12405
28.07 0.234542 -1.12651
28.08 0.223277 -1.12886
28.09 0.211988 -1.13109
28.1 0.200677 -1.13321
28.11 0.189345 -1.13522
28.12 0.177993 -1.13711
28.13 0.166622 -1.13889
28.14 0.155233 -1.14056
28.15 0.143828 -1.14211
28.16 0.132406 -1.14355
28.17 0.120971 -1.14487
28.18 0.109522 -1.14608
28.19 0.0980615 -1.14718
28.2 0.0865897 -1.14816
28.21 0.0751081 -1.14902
28.22 0.0636179 -1.14977
28.23 0.0521202 -1.15041
28.24 0.0406161 -1.15093
28.25 0.0291068 -1.15134
28.26 0.0175934 -1.15163
28.27 0.00607716 -1.1518
28.28 -0.00544088 -1.15186
28.29 -0.0169595 -1.15181
28.3 -0.0284776 -1.15164
28.31 -0.039994 -1.15136
28.32 -0.0515076 -1.15096
28.33 -0.0630171 -1.15044
28.34 -0.0745215 -1.14981
28.35 -0.0860196 -1.14907
28.36 -0.0975103 -1.1482
28.37 -0.108992 -1.14723
28.38 -0.120465 -1.14614
28.39 -0.131926 -1.14494
28.4 -0.143375 -1.14362
28.41 -0.154812 -1.14218
28.42 -0.166233 -1.14063
28.43 -0.17764 -1.13897
28.44 -0.189029 -1.1372
28.45 -0.200401 -1.13531
28.46 -0.211754 -1.1333
28.47 -0.223087 -1.13118
28.48 -0.234399 -1.12895
28.49 -0.245689 -1.12661
28.5 -0.256955 -1.12415
28.51 -0.268196 -1.12158
28.52 -0.279412 -1.1189
28.53 -0.290601 -1.11611
28.54 -0.301762 -1.1132
28.55 -0.312894 -1.11018
28.56 -0.323996 -1.10705
28.57 -0.335067 -1.10381
28.58 -0.346105 -1.10046
28.59 -0.357109 -1.097
28.6 -0.368079 -1.09343
28.61 -0.379014 -1.08975
28.62 -0.389911 -1.08596
28.63 -0.400771 -1.08206
28.64 -0.411591 -1.07805
28.65 -0.422372 -1.07394
28.66 -0.433111 -1.06971
28.67 -0.443809 -1.06538
28.68 -0.454462 -1.06094
28.69 -0.465072 -1.0564
28.7 -0.475636 -1.05175
28.71 -0.486153 -1.04699
28.72 -0.496623 -1.04213
28.73 -0.507044 -1.03716
28.74 -0.517416 -1.03209
28.75 -0.527737 -1.02692
28.76 -0.538006 -1.02164
28.77 -0.548223 -1.01626
28.78 -0.558385 -1.01078
28.79 -0.568493 -1.0052
28.8 -0.578545 -0.999512
28.81 -0.58854 -0.993726
28.82 -0.598477 -0.987841
28.83 -0.608356 -0.981856
28.84 -0.618174 -0.975773
28.85 -0.627932 -0.969591
28.86 -0.637628 -0.963311
28.87 -0.647261 -0.956935
28.88 -0.656831 -0.950463
28.89 -0.666335 -0.943894
28.9 -0.675774 -0.937231
28.91 -0.685146 -0.930473
28.92 -0.694451 -0.923622
28.93 -0.703687 -0.916677
28.94 -0.712854 -0.90964
28.95 -0.721951 -0.902512
28.96 -0.730976 -0.895292
28.97 -0.739929 -0.887983
28.98 -0.748808 -0.880583
28.99 -0.757614 -0.873095
29 -0.766345 -0.865519
29.01 -0.775 -0.857856
29.02 -0.783579 -0.850106
29.03 -0.79208 -0.84227
29.04 -0.800503 -0.834349
29.05 -0.808846 -0.826344
29.06 -0.81711 -0.818255
29.07 -0.825292 -0.810084
29.08 -0.833393 -0.801831
29.09 -0.841411 -0.793498
29.1 -0.849346 -0.785083
29.11 -0.857197 -0.77659
29.12 -0.864963 -0.768018
29.13 -0.872643 -0.759368
29.14 -0.880237 -0.750642
29.15 -0.887743 -0.74184
29.16 -0.895162 -0.732962
29.17 -0.902491 -0.72401
29.18 -0.909731 -0.714986
29.19 -0.916881 -0.705888
29.2 -0.92394 -0.696719
29.21 -0.930907 -0.68748
29.22 -0.937782 -0.678171
29.23 -0.944564 -0.668793
29.24 -0.951252 -0.659348
29.25 -0.957845 -0.649835
29.26 -0.964344 -0.640257
29.27 -0.970746 -0.630613
29.28 -0.977052 -0.620906
29.29 -0.983261 -0.611135
29.3 -0.989373 -0.601302
29.31 -0.995386 -0.591409
29.32 -1.0013 -0.581455
29.33 -1.00711 -0.571442
29.34 -1.01283 -0.561371
29.35 -1.01844 -0.551242
29.36 -1.02395 -0.541058
29.37 -1.02937 -0.530819
29.38 -1.03467 -0.520525
29.39 -1.03988 -0.510178
29.4 -1.04498 -0.499779
29.41 -1.04998 -0.48933
29.42 -1.05487 -0.47883
29.43 -1.05966 -0.468281
29.44 -1.06434 -0.457684
29.45 -1.06892 -0.447041
29.46 -1.07339 -0.436352
29.47 -1.07775 -0.425618
29.48 -1.08201 -0.41484
29.49 -1.08616 -0.40402
29.5 -1.0902 -0.393159
29.51 -1.09413 -0.382257
29.52 -1.09795 -0.371315
29.53 -1.10167 -0.360336
29.54 -1.10527 -0.349319
29.55 -1.10876 -0.338266
29.56 -1.11215 -0.327179
29.57 -1.11542 -0.316057
29.58 -1.11858 -0.304903
29.59 -1.12163 -0.293717
29.6 -1.12456 -0.282501
29.61 -1.12739 -0.271256
29.62 -1.1301 -0.259982
29.63 -1.1327 -0.248681
29.64 -1.13519 -0.237354
29.65 -1.13756 -0.226002
29.66 -1.13982 -0.214626
29.67 -1.14197 -0.203228
29.68 -1.144 -0.191808
29.69 -1.14592 -0.180368
29.7 -1.14772 -0.168909
29.71 -1.14941 -0.157432
29.72 -1.15099 -0.145938
29.73 -1.15244 -0.134428
29.74 -1.15379 -0.122903
29.75 -1.15502 -0.111366
29.76 -1.15613 -0.0998154
29.77 -1.15713 -0.0882541
29.78 -1.15801 -0.0766828
29.79 -1.15878 -0.0651027
29.8 -1.15943 -0.0535149
29.81 -1.15997 -0.0419206
29.82 -1.16038 -0.030321
29.83 -1.16069 -0.0187171
29.84 -1.16087 -0.00711023
29.85 -1.16095 0.00449851
29.86 -1.1609 0.016108
29.87 -1.16074 0.027717
29.88 -1.16046 0.0393244
29.89 -1.16007 0.050929
29.9 -1.15956 0.0625297
29.91 -1.15893 0.0741253
29.92 -1.15819 0.0857146
29.93 -1.15734 0.0972966
29.94 -1.15636 0.10887
29.95 -1.15527 0.120434
29.96 -1.15407 0.131986
29.97 -1.15275 0.143527
29.98 -1.15132 0.155055
29.99 -1.14976 0.166568
